,mass A,,,,
t,x,y,θ,frame,
3.372,77.02,-126.2,-58.6,202
3.388,82.93,-122.9,-56.0,203
3.405,90.02,-118.9,-52.9,204
3.422,98.24,-112.6,-48.9,205
3.439,107.3,-104.8,-44.3,206
3.455,116.6,-94.51,-39.0,207
3.472,125.4,-81.61,-33.0,208
3.489,133.5,-67.54,-26.8,209
3.505,140.8,-52.74,-20.5,210
3.522,146.0,-35.56,-13.7,211
3.539,148.6,-17.90,-6.9,212
3.555,149.1,0.960,0.4,213
3.572,145.5,19.15,7.5,214
3.589,141.3,36.40,14.4,215
3.605,135.3,52.38,21.2,216
3.622,127.8,66.63,27.5,217
3.639,119.6,79.25,33.5,218
3.656,111.2,89.62,38.9,219
3.672,103.0,98.22,43.6,220
3.689,94.87,104.9,47.9,221
3.706,86.27,111.4,52.3,222
3.722,79.91,115.6,55.3,223
3.739,74.76,118.3,57.7,224
3.756,71.37,120.1,59.3,225
3.772,69.96,120.9,59.9,226
3.789,70.34,121.0,59.8,227
3.806,72.00,120.0,59.0,228
3.822,75.50,118.1,57.4,229
3.839,80.03,115.1,55.2,230
3.856,86.33,111.1,52.2,231
3.873,93.79,105.4,48.3,232
3.889,102.1,98.37,43.9,233
3.906,110.7,89.36,38.9,234
3.923,119.2,78.12,33.2,235
3.939,127.0,66.34,27.6,236
3.956,133.8,52.83,21.5,237
3.973,139.5,35.39,14.2,238
3.989,143.4,17.95,7.1,239
4.006,144.9,0.353,0.1,240
4.023,144.1,-17.03,-6.7,241
4.039,141.7,-33.72,-13.4,242
4.056,137.0,-49.97,-20.0,243
4.073,131.0,-64.60,-26.2,244
4.090,123.4,-77.94,-32.3,245
4.106,115.6,-89.50,-37.8,246
4.123,107.4,-99.18,-42.7,247
4.140,99.22,-107.4,-47.3,248
4.156,91.82,-113.8,-51.1,249
4.173,85.20,-118.5,-54.3,250
4.190,80.05,-122.2,-56.8,251
4.206,76.39,-124.2,-58.4,252
4.223,74.11,-125.6,-59.5,253
4.240,73.87,-125.6,-59.5,254
4.256,75.13,-124.9,-59.0,255
4.273,78.11,-123.4,-57.7,256
4.290,82.52,-120.8,-55.7,257
4.307,88.56,-117.2,-52.9,258
4.323,95.71,-112.4,-49.6,259
4.340,103.8,-105.3,-45.4,260
4.357,112.3,-96.49,-40.7,261
4.373,121.1,-85.56,-35.2,262
4.390,129.3,-73.21,-29.5,263
4.407,136.8,-58.91,-23.3,264
4.423,141.9,-43.66,-17.1,265
4.440,145.6,-27.31,-10.6,266
4.457,148.0,-13.30,-5.1,267
4.473,145.3,7.525,3.0,268
4.490,143.5,24.12,9.5,269
4.507,139.0,40.51,16.2,270
4.524,132.8,55.05,22.5,271
4.540,126.2,68.26,28.4,272
4.557,118.7,79.78,33.9,273
4.574,108.9,92.59,40.4,274
4.590,101.0,100.3,44.8,275
4.607,93.33,107.4,49.0,276
4.624,87.07,112.1,52.2,277
4.640,82.17,114.8,54.4,278
4.657,78.06,116.9,56.3,279
4.674,75.89,118.1,57.3,280
4.690,75.28,118.1,57.5,281
4.707,76.23,117.8,57.1,282
4.724,78.81,116.2,55.9,283
4.740,82.92,113.4,53.8,284
4.757,88.08,109.6,51.2,285
4.774,94.62,104.1,47.7,286
4.791,102.1,97.24,43.6,287
4.807,110.2,89.25,39.0,288
4.824,118.7,78.71,33.5,289
4.841,126.3,67.64,28.2,290
4.857,132.6,53.41,21.9,291
4.874,138.4,38.55,15.6,292
4.891,142.3,22.40,8.9,293
4.907,144.4,5.977,2.4,294
4.924,144.7,-11.49,-4.5,295
4.941,142.9,-27.10,-10.7,296
4.957,139.5,-43.07,-17.2,297
4.974,134.3,-57.31,-23.1,298
4.991,127.9,-70.86,-29.0,299
5.008,121.2,-82.55,-34.3,300
5.024,113.2,-92.84,-39.3,301
5.041,105.5,-101.0,-43.7,302
5.058,97.92,-107.6,-47.7,303
5.074,91.80,-112.2,-50.7,304
5.091,86.67,-116.2,-53.3,305
5.108,82.91,-118.8,-55.1,306
5.124,80.27,-120.1,-56.2,307
5.141,79.70,-120.0,-56.4,308
5.158,79.97,-119.7,-56.3,309
5.174,82.36,-118.0,-55.1,310
5.191,86.02,-115.7,-53.4,311
5.208,91.39,-112.0,-50.8,312
5.225,97.34,-107.0,-47.7,313
5.241,104.4,-100.2,-43.8,314
5.258,111.8,-92.12,-39.5,315
5.275,119.7,-82.51,-34.6,316
5.291,127.1,-71.19,-29.3,317
5.308,134.0,-58.33,-23.5,318
5.325,139.9,-45.91,-18.2,319
5.341,144.0,-30.67,-12.0,320
5.358,146.9,-15.76,-6.1,321
5.375,147.0,1.701,0.7,322
5.391,143.6,17.87,7.1,323
5.408,140.3,33.39,13.4,324
5.425,135.3,47.98,19.5,325
5.442,129.7,61.42,25.3,326
5.458,122.9,72.96,30.7,327
5.475,116.0,83.11,35.6,328
5.492,108.8,91.39,40.0,329
5.508,102.4,98.45,43.9,330
5.525,96.80,103.9,47.0,331
5.542,91.98,108.1,49.6,332
5.558,87.95,110.4,51.5,333
5.575,85.60,111.7,52.5,334
5.592,84.51,111.6,52.9,335
5.608,85.00,111.2,52.6,336
5.625,87.29,110.0,51.6,337
5.642,90.70,107.8,49.9,338
5.659,95.03,103.3,47.4,339
5.675,100.0,97.89,44.4,340
5.692,106.9,92.03,40.7,341
5.709,114.0,83.88,36.3,342
5.725,121.4,74.70,31.6,343
5.742,129.3,64.08,26.4,344
5.759,136.0,52.03,20.9,345
5.775,140.7,37.53,14.9,346
5.792,144.2,22.55,8.9,347
5.809,146.4,6.143,2.4,348
5.825,147.6,-11.81,-4.6,349
5.842,144.2,-25.56,-10.1,350
5.859,140.8,-40.92,-16.2,351
5.876,135.9,-55.39,-22.2,352
5.892,129.8,-67.82,-27.6,353
5.909,123.0,-79.22,-32.8,354
5.926,115.8,-88.77,-37.5,355
5.942,108.5,-96.98,-41.8,356
5.959,101.7,-103.6,-45.5,357
5.976,95.71,-108.7,-48.6,358
5.992,90.79,-112.4,-51.1,359
6.009,86.89,-114.9,-52.9,360
6.026,84.51,-116.0,-53.9,361
6.042,83.55,-116.6,-54.4,362
6.059,84.19,-115.4,-53.9,363
6.076,85.93,-114.0,-53.0,364
6.093,89.42,-111.3,-51.2,365
6.109,94.01,-107.6,-48.9,366
6.126,99.78,-102.6,-45.8,367
6.143,106.1,-96.40,-42.3,368
6.159,113.3,-88.42,-38.0,369
6.176,120.4,-79.15,-33.3,370
6.193,127.5,-68.01,-28.1,371
6.209,133.8,-55.70,-22.6,372
6.226,140.6,-44.05,-17.4,373
6.243,144.3,-29.54,-11.6,374
6.259,143.9,-13.90,-5.5,375
6.276,144.4,1.343,0.5,376
6.293,143.2,16.53,6.6,377
6.310,139.6,31.26,12.6,378
6.326,136.1,45.72,18.6,379
6.343,130.4,58.31,24.1,380
6.360,124.9,70.15,29.3,381
6.376,118.5,79.87,34.0,382
6.393,112.6,88.69,38.2,383
6.410,106.7,95.21,41.7,384
6.426,100.6,100.3,44.9,385
6.443,95.98,103.7,47.2,386
6.460,93.22,106.9,48.9,387
6.476,90.93,108.1,49.9,388
6.493,90.84,109.3,50.3,389
6.510,90.85,107.7,49.8,390
6.527,93.19,106.3,48.8,391
6.543,96.15,102.8,46.9,392
6.560,100.6,99.09,44.6,393
6.577,105.3,93.24,41.5,394
6.593,111.5,86.92,37.9,395
6.610,118.0,78.65,33.7,396
6.627,125.1,69.42,29.0,397
6.643,130.8,57.81,23.8,398
6.660,136.6,45.68,18.5,399
6.677,140.6,31.73,12.7,400
6.693,144.1,17.22,6.8,401
6.710,145.1,1.940,0.8,402
6.727,145.7,-14.38,-5.6,403
6.744,143.0,-28.62,-11.3,404
6.760,139.7,-42.79,-17.0,405
6.777,134.8,-56.29,-22.7,406
6.794,129.3,-67.93,-27.7,407
6.810,123.1,-78.84,-32.6,408
6.827,116.6,-87.35,-36.8,409
6.844,110.0,-95.33,-40.9,410
6.860,104.0,-101.4,-44.3,411
6.877,98.58,-106.0,-47.1,412
6.894,94.26,-109.6,-49.3,413
6.910,91.19,-111.7,-50.8,414
6.927,89.25,-112.7,-51.6,415
6.944,88.54,-112.9,-51.9,416
6.961,89.67,-111.7,-51.2,417
6.977,91.66,-109.6,-50.1,418
6.994,95.20,-106.8,-48.3,419
7.011,99.69,-102.5,-45.8,420
7.027,105.2,-97.21,-42.7,421
7.044,111.4,-90.11,-39.0,422
7.061,118.0,-82.19,-34.8,423
7.077,124.6,-72.31,-30.1,424
7.094,131.0,-60.92,-24.9,425
7.111,136.2,-48.55,-19.6,426
7.127,142.2,-37.22,-14.7,427
7.144,145.3,-23.31,-9.1,428
7.161,143.9,-6.967,-2.8,429
7.178,144.4,6.507,2.6,430
7.194,142.5,20.90,8.3,431
7.211,139.0,34.92,14.1,432
7.228,135.0,48.06,19.6,433
7.244,129.9,59.91,24.8,434
7.261,124.2,70.78,29.7,435
7.278,118.5,79.95,34.0,436
7.294,112.7,87.56,37.9,437
7.311,107.5,93.80,41.1,438
7.328,103.1,98.65,43.7,439
7.344,99.06,101.7,45.7,440
7.361,96.25,103.8,47.2,441
7.378,94.84,105.4,48.0,442
7.395,94.94,105.2,47.9,443
7.411,96.02,104.1,47.3,444
7.428,98.42,101.7,45.9,445
7.445,101.8,98.32,44.0,446
7.461,105.8,93.35,41.4,447
7.478,111.1,87.35,38.2,448
7.495,117.0,80.29,34.5,449
7.511,123.6,72.19,30.3,450
7.528,129.1,61.87,25.6,451
7.545,134.3,50.36,20.6,452
7.561,138.8,37.65,15.2,453
7.578,142.5,24.05,9.6,454
7.595,145.0,9.647,3.8,455
7.612,145.0,-5.222,-2.1,456
7.628,144.2,-19.73,-7.8,457
7.645,141.7,-34.07,-13.5,458
7.662,137.8,-47.00,-18.8,459
7.678,133.0,-59.44,-24.1,460
7.695,127.7,-69.95,-28.7,461
7.712,121.8,-79.25,-33.1,462
7.728,116.0,-87.24,-37.0,463
7.745,109.8,-94.64,-40.8,464
7.762,104.6,-100.2,-43.8,465
7.778,100.1,-104.3,-46.2,466
7.795,96.84,-106.9,-47.8,467
7.812,94.43,-108.9,-49.1,468
7.829,93.39,-109.2,-49.5,469
7.845,93.32,-109.0,-49.4,470
7.862,95.09,-107.1,-48.4,471
7.879,97.74,-104.9,-47.0,472
7.895,101.8,-101.1,-44.8,473
7.912,106.5,-96.41,-42.2,474
7.929,111.8,-89.87,-38.8,475
7.945,118.0,-82.67,-35.0,476
7.962,124.0,-73.46,-30.6,477
7.979,129.8,-63.08,-25.9,478
7.995,136.0,-52.04,-20.9,479
8.012,141.2,-40.48,-16.0,480
8.029,144.6,-27.43,-10.7,481
8.045,146.5,-13.68,-5.3,482
8.062,147.2,0.588,0.2,483
8.079,146.1,14.92,5.8,484
8.096,141.3,28.49,11.4,485
8.112,137.3,41.25,16.7,486
8.129,133.1,53.35,21.8,487
8.146,128.3,64.26,26.6,488
8.162,122.7,73.56,30.9,489
8.179,117.3,81.70,34.9,490
8.196,112.2,88.48,38.2,491
8.212,107.6,93.62,41.0,492
8.229,104.0,97.90,43.3,493
8.246,100.9,99.78,44.7,494
8.262,99.05,101.2,45.6,495
8.279,98.38,101.3,45.8,496
8.296,99.40,100.8,45.4,497
8.313,101.3,98.83,44.3,498
8.329,104.3,95.81,42.6,499
8.346,107.7,91.36,40.3,500
8.363,112.5,85.87,37.3,501
8.379,117.6,79.18,34.0,502
8.396,123.1,71.37,30.1,503
8.413,128.6,61.87,25.7,504
8.429,133.4,51.12,21.0,505
8.446,138.0,39.08,15.8,506
8.463,141.6,26.13,10.5,507
8.479,143.7,12.30,4.9,508
8.496,144.7,-1.914,-0.8,509
8.513,144.2,-15.54,-6.2,510
8.530,142.4,-29.53,-11.7,511
8.546,139.3,-42.47,-17.0,512
8.563,135.0,-54.07,-21.8,513
8.580,130.2,-65.23,-26.6,514
8.596,124.9,-74.73,-30.9,515
8.613,119.4,-82.77,-34.7,516
8.630,114.0,-90.01,-38.3,517
8.646,108.8,-96.02,-41.4,518
8.663,104.4,-100.5,-43.9,519
8.680,101.0,-103.5,-45.7,520
8.696,98.52,-105.8,-47.1,521
8.713,97.21,-106.6,-47.6,522
8.730,97.13,-106.2,-47.6,523
8.747,98.52,-104.8,-46.8,524
8.763,100.8,-102.6,-45.5,525
8.780,104.2,-99.11,-43.6,526
8.797,108.4,-94.36,-41.0,527
8.813,113.7,-88.32,-37.8,528
8.830,118.8,-81.41,-34.4,529
8.847,124.5,-72.58,-30.2,530
8.863,130.1,-62.68,-25.7,531
8.880,135.1,-51.44,-20.8,532
8.897,138.9,-39.61,-15.9,533
8.913,141.7,-26.65,-10.6,534
8.930,143.2,-13.74,-5.5,535
8.947,143.6,-1.065,-0.4,536
8.964,143.2,12.24,4.9,537
8.980,141.6,25.68,10.3,538
8.997,137.9,38.09,15.4,539
9.014,134.0,49.82,20.4,540
9.030,129.2,60.14,25.0,541
9.047,124.6,69.46,29.1,542
9.064,119.6,77.54,33.0,543
9.080,115.3,84.25,36.2,544
9.097,110.4,89.22,38.9,545
9.114,107.5,93.83,41.1,546
9.130,104.3,95.92,42.6,547
9.147,103.1,98.11,43.6,548
9.164,102.5,98.70,43.9,549
9.181,103.2,98.07,43.6,550
9.197,104.9,96.32,42.6,551
9.214,107.6,93.68,41.0,552
9.231,110.5,89.12,38.9,553
9.247,114.9,84.09,36.2,554
9.264,119.3,76.93,32.8,555
9.281,125.2,69.74,29.1,556
9.297,130.2,60.72,25.0,557
9.314,134.5,49.74,20.3,558
9.331,138.8,38.64,15.6,559
9.347,142.3,26.09,10.4,560
9.364,144.4,12.78,5.1,561
9.381,145.4,-0.920,-0.4,562
9.398,144.9,-14.53,-5.7,563
9.414,142.9,-27.49,-10.9,564
9.431,139.9,-40.08,-16.0,565
9.448,136.1,-51.69,-20.8,566
9.464,131.4,-62.03,-25.3,567
9.481,126.4,-71.49,-29.5,568
9.498,121.1,-79.59,-33.3,569
9.514,116.2,-86.70,-36.7,570
9.531,111.3,-92.74,-39.8,571
9.548,107.4,-96.69,-42.0,572
9.564,104.0,-100.3,-43.9,573
9.581,102.0,-102.2,-45.0,574
9.598,100.9,-102.9,-45.6,575
9.615,100.8,-102.9,-45.6,576
9.631,102.0,-101.4,-44.8,577
9.648,104.3,-99.15,-43.6,578
9.665,107.3,-95.76,-41.8,579
9.681,111.4,-90.78,-39.2,580
9.698,115.9,-85.14,-36.3,581
9.715,121.1,-77.89,-32.8,582
9.731,126.3,-69.46,-28.8,583
9.748,131.4,-59.71,-24.4,584
9.765,136.0,-49.07,-19.8,585
9.781,139.5,-37.58,-15.1,586
9.798,141.9,-25.18,-10.1,587
9.815,143.2,-12.49,-5.0,588
9.832,143.5,-0.219,-0.1,589
9.848,143.0,12.93,5.2,590
9.865,141.0,25.53,10.3,591
9.882,138.2,37.58,15.2,592
9.898,133.9,48.67,20.0,593
9.915,130.0,58.91,24.4,594
9.932,125.8,68.00,28.4,595
9.948,121.5,75.74,31.9,596
9.965,116.5,81.49,35.0,597
9.982,112.7,86.97,37.7,598
9.998,109.7,91.04,39.7,599
10.015,107.7,93.55,41.0,600
10.032,105.9,94.85,41.8,601
10.049,105.2,95.07,42.1,602
10.065,106.5,94.75,41.7,603
10.082,108.9,93.48,40.6,604
10.099,110.7,89.46,39.0,605
10.115,114.1,85.48,36.8,606
10.132,117.8,79.61,34.1,607
10.149,122.1,73.46,31.0,608
10.165,126.8,65.31,27.2,609
10.182,131.9,56.62,23.2,610
10.199,136.0,46.11,18.7,611
10.215,140.0,35.09,14.1,612
10.232,142.6,22.65,9.0,613
10.249,145.1,9.924,3.9,614
10.266,145.0,-3.049,-1.2,615
10.282,144.4,-15.94,-6.3,616
10.299,142.7,-28.64,-11.3,617
10.316,139.6,-40.24,-16.1,618
10.332,135.9,-51.57,-20.8,619
10.349,131.7,-61.81,-25.2,620
10.366,126.9,-71.04,-29.2,621
10.382,122.0,-79.15,-33.0,622
10.399,117.3,-85.64,-36.1,623
10.416,113.0,-91.03,-38.8,624
10.432,109.2,-95.55,-41.2,625
10.449,106.6,-97.97,-42.6,626
10.466,104.7,-100.1,-43.7,627
10.483,104.1,-100.4,-44.0,628
10.499,104.2,-100.1,-43.8,629
10.516,105.7,-98.79,-43.1,630
10.533,108.2,-96.38,-41.7,631
10.549,111.5,-92.70,-39.7,632
10.566,115.3,-87.80,-37.3,633
10.583,119.9,-81.44,-34.2,634
10.599,124.8,-74.73,-30.9,635
10.616,130.0,-66.17,-27.0,636
10.633,134.6,-56.95,-22.9,637
10.649,139.6,-46.35,-18.4,638
10.666,142.9,-35.13,-13.8,639
10.683,145.5,-22.96,-9.0,640
10.700,146.4,-9.982,-3.9,641
10.716,146.8,2.689,1.0,642
10.733,145.7,15.44,6.0,643
10.750,143.6,27.84,11.0,644
10.766,138.5,38.79,15.7,645
10.783,134.3,49.17,20.1,646
10.800,130.0,58.65,24.3,647
10.816,126.7,67.58,28.1,648
10.833,122.3,74.40,31.3,649
10.850,118.3,80.23,34.1,650
10.866,114.8,84.88,36.5,651
10.883,112.9,89.52,38.4,652
10.900,109.9,90.89,39.6,653
10.917,108.9,91.81,40.1,654
10.933,109.0,91.78,40.1,655
10.950,110.1,91.14,39.6,656
10.967,112.5,89.39,38.5,657
10.983,114.1,85.01,36.7,658
11.000,117.4,80.47,34.4,659
11.017,121.2,74.58,31.6,660
11.033,125.8,67.98,28.4,661
11.050,130.2,60.24,24.8,662
11.067,134.3,50.81,20.7,663
11.083,137.9,40.45,16.3,664
11.100,141.2,29.43,11.8,665
11.117,143.3,17.39,6.9,666
11.133,145.3,4.935,1.9,667
11.150,145.2,-7.219,-2.8,668
11.167,144.2,-19.62,-7.7,669
11.184,142.0,-31.06,-12.3,670
11.200,139.0,-42.61,-17.0,671
11.217,135.2,-53.02,-21.4,672
11.234,131.0,-62.77,-25.6,673
11.250,126.5,-71.39,-29.4,674
11.267,121.8,-78.63,-32.8,675
11.284,117.6,-84.81,-35.8,676
11.300,113.9,-89.66,-38.2,677
11.317,110.7,-93.18,-40.1,678
11.334,108.5,-95.91,-41.5,679
11.350,107.1,-97.37,-42.3,680
11.367,106.7,-97.52,-42.4,681
11.384,107.4,-96.86,-42.0,682
11.401,109.3,-94.83,-40.9,683
11.417,111.7,-92.05,-39.5,684
11.434,115.0,-87.87,-37.4,685
11.451,119.0,-82.79,-34.8,686
11.467,123.2,-76.37,-31.8,687
11.484,128.2,-68.61,-28.2,688
11.501,132.7,-60.08,-24.4,689
11.517,136.8,-50.20,-20.2,690
11.534,141.2,-40.63,-16.1,691
11.551,143.9,-29.19,-11.5,692
11.567,146.4,-17.44,-6.8,693
11.584,146.8,-4.939,-1.9,694
11.601,146.4,7.345,2.9,695
11.618,143.0,19.29,7.7,696
11.634,140.7,30.60,12.3,697
11.651,137.8,41.40,16.7,698
11.668,133.9,51.22,20.9,699
11.684,129.8,60.00,24.8,700
11.701,125.7,67.55,28.3,701
11.718,121.7,74.02,31.3,702
11.734,118.3,79.10,33.8,703
11.751,115.8,83.80,35.9,704
11.768,113.5,86.67,37.4,705
11.784,111.9,88.26,38.3,706
11.801,110.9,88.71,38.6,707
11.818,111.7,88.42,38.4,708
11.835,112.9,86.73,37.5,709
11.851,115.4,84.16,36.1,710
11.868,118.1,80.32,34.2,711
11.885,121.3,75.41,31.9,712
11.901,124.8,68.94,28.9,713
11.918,129.1,61.76,25.6,714
11.935,133.0,53.27,21.8,715
11.951,137.0,43.87,17.8,716
11.968,140.0,33.16,13.3,717
11.985,142.6,21.78,8.7,718
12.001,145.8,10.54,4.1,719
12.018,146.5,-1.742,-0.7,720
12.035,146.9,-14.69,-5.7,721
12.052,145.5,-26.05,-10.1,722
12.068,143.2,-37.67,-14.7,723
12.085,140.2,-48.58,-19.1,724
12.102,136.4,-58.47,-23.2,725
12.118,132.5,-67.80,-27.1,726
12.135,126.2,-73.31,-30.2,727
12.152,122.1,-80.27,-33.3,728
12.168,118.1,-85.46,-35.9,729
12.185,114.9,-89.80,-38.0,730
12.202,112.3,-92.49,-39.5,731
12.218,110.8,-94.29,-40.4,732
12.235,109.9,-95.31,-40.9,733
12.252,110.1,-95.22,-40.9,734
12.269,111.3,-93.59,-40.1,735
12.285,113.3,-91.47,-38.9,736
12.302,116.3,-87.96,-37.1,737
12.319,119.7,-83.33,-34.8,738
12.335,123.7,-77.65,-32.1,739
12.352,128.0,-70.71,-28.9,740
12.369,132.5,-62.95,-25.4,741
12.385,136.5,-53.99,-21.6,742
12.402,140.4,-44.20,-17.5,743
12.419,143.4,-33.60,-13.2,744
12.435,145.7,-22.28,-8.7,745
12.452,146.3,-9.940,-3.9,746
12.469,147.2,1.775,0.7,747
12.486,145.9,13.43,5.3,748
12.502,144.4,24.99,9.8,749
12.519,139.6,35.21,14.2,750
12.536,136.2,44.96,18.3,751
12.552,132.5,53.75,22.1,752
12.569,128.9,61.92,25.7,753
12.586,124.8,68.39,28.7,754
12.602,121.6,74.02,31.3,755
12.619,118.8,78.47,33.4,756
12.636,116.7,82.27,35.2,757
12.652,115.3,84.22,36.1,758
12.669,114.5,85.65,36.8,759
12.686,114.6,85.53,36.7,760
12.703,115.5,84.63,36.2,761
12.719,117.2,81.85,34.9,762
12.736,119.5,78.86,33.4,763
12.753,122.3,73.88,31.1,764
12.769,125.6,68.27,28.5,765
12.786,129.0,61.40,25.5,766
12.803,134.2,54.40,22.1,767
12.819,136.1,44.55,18.1,768
12.836,141.8,35.82,14.2,769
12.853,142.5,24.26,9.7,770
12.869,146.3,13.65,5.3,771
12.886,147.1,1.854,0.7,772
12.903,147.7,-10.27,-4.0,773
12.920,146.1,-21.76,-8.5,774
12.936,144.3,-33.08,-12.9,775
12.953,141.8,-43.80,-17.2,776
12.970,138.3,-53.40,-21.1,777
12.986,134.5,-62.49,-24.9,778
13.003,128.7,-67.88,-27.8,779
13.020,124.6,-75.23,-31.1,780
13.036,121.1,-80.53,-33.6,781
13.053,117.8,-85.04,-35.8,782
13.070,115.2,-88.34,-37.5,783
13.086,113.3,-90.85,-38.7,784
13.103,112.6,-92.13,-39.3,785
13.120,112.5,-91.92,-39.2,786
13.137,113.3,-91.05,-38.8,787
13.153,114.7,-89.02,-37.8,788
13.170,117.6,-85.98,-36.2,789
13.187,120.3,-81.88,-34.2,790
13.203,124.3,-76.41,-31.6,791
13.220,128.2,-70.79,-28.9,792
13.237,132.6,-62.84,-25.3,793
13.253,136.6,-54.92,-21.9,794
13.270,140.0,-45.68,-18.1,795
13.287,142.8,-35.57,-14.0,796
13.303,145.4,-24.81,-9.7,797
13.320,146.5,-13.39,-5.2,798
13.337,147.0,-1.954,-0.8,799
13.354,146.1,9.349,3.7,800
13.370,143.1,20.12,8.0,801
13.387,140.9,30.52,12.2,802
13.404,137.7,40.46,16.4,803
13.420,134.1,49.17,20.1,804
13.437,130.4,56.76,23.5,805
13.454,127.0,63.64,26.6,806
13.470,123.8,69.50,29.3,807
13.487,120.8,74.16,31.5,808
13.504,119.2,78.03,33.2,809
13.520,117.5,80.42,34.4,810
13.537,116.3,81.51,35.0,811
13.554,116.6,82.36,35.2,812
13.571,116.9,80.94,34.7,813
13.587,118.5,79.35,33.8,814
13.604,120.7,76.49,32.4,815
13.621,122.8,71.66,30.3,816
13.637,125.9,66.69,27.9,817
13.654,129.6,60.20,24.9,818
13.671,133.7,53.25,21.7,819
13.687,136.3,44.61,18.1,820
13.704,139.5,35.20,14.2,821
13.721,144.2,25.89,10.2,822
13.737,144.1,14.45,5.7,823
13.754,146.4,3.759,1.5,824
13.771,146.9,-7.612,-3.0,825
13.788,146.5,-19.01,-7.4,826
13.804,145.1,-30.23,-11.8,827
13.821,143.1,-40.57,-15.8,828
13.838,140.0,-50.21,-19.7,829
13.854,136.8,-58.90,-23.3,830
13.871,133.3,-66.89,-26.7,831
13.888,129.6,-74.01,-29.7,832
13.904,126.0,-79.97,-32.4,833
13.921,123.1,-84.62,-34.5,834
13.938,120.5,-88.15,-36.2,835
13.954,118.8,-90.35,-37.3,836
13.971,117.6,-92.00,-38.0,837
13.988,117.5,-92.12,-38.1,838
14.005,117.9,-91.57,-37.8,839
14.021,119.6,-89.59,-36.8,840
14.038,121.7,-86.67,-35.4,841
14.055,124.5,-82.62,-33.6,842
14.071,127.6,-77.39,-31.2,843
14.088,131.2,-71.28,-28.5,844
14.105,134.8,-64.04,-25.4,845
14.121,138.4,-55.51,-21.9,846
14.138,141.3,-46.89,-18.4,847
14.155,144.3,-36.67,-14.3,848
14.171,145.9,-26.26,-10.2,849
14.188,147.5,-15.21,-5.9,850
14.205,147.6,-4.383,-1.7,851
14.221,147.3,7.019,2.7,852
14.238,146.2,17.69,6.9,853
14.255,144.5,28.34,11.1,854
14.272,139.1,36.77,14.8,855
14.288,135.9,45.74,18.6,856
14.305,132.7,53.20,21.9,857
14.322,129.6,60.12,24.9,858
14.338,126.5,66.07,27.6,859
14.355,123.6,70.70,29.8,860
14.372,121.4,74.09,31.4,861
14.388,119.5,76.16,32.5,862
14.405,118.3,77.36,33.2,863
14.422,118.7,78.53,33.5,864
14.438,118.8,77.42,33.1,865
14.455,120.6,76.13,32.3,866
14.472,121.7,72.78,30.9,867
14.489,124.5,69.27,29.1,868
14.505,126.9,64.05,26.8,869
14.522,129.7,57.92,24.1,870
14.539,133.8,51.37,21.0,871
14.555,136.2,43.24,17.6,872
14.572,138.7,34.24,13.9,873
14.589,141.4,24.75,9.9,874
14.605,142.8,14.56,5.8,875
14.622,146.3,4.229,1.7,876
14.639,146.7,-6.419,-2.5,877
14.655,146.5,-17.56,-6.8,878
14.672,145.1,-27.87,-10.9,879
14.689,143.5,-38.08,-14.9,880
14.706,140.6,-47.53,-18.7,881
14.722,137.1,-55.83,-22.2,882
14.739,133.9,-63.57,-25.4,883
14.756,130.7,-70.50,-28.3,884
14.772,127.3,-76.07,-30.9,885
14.789,124.5,-80.86,-33.0,886
14.806,122.3,-84.47,-34.6,887
14.822,120.4,-86.92,-35.8,888
14.839,119.4,-88.49,-36.6,889
14.856,119.2,-88.67,-36.6,890
14.872,119.6,-88.23,-36.4,891
14.889,121.1,-86.08,-35.4,892
14.906,122.9,-83.34,-34.1,893
14.923,125.5,-79.51,-32.3,894
14.939,128.6,-74.32,-30.0,895
14.956,131.8,-68.37,-27.4,896
14.973,135.2,-61.33,-24.4,897
14.989,138.4,-53.28,-21.1,898
15.006,141.4,-44.71,-17.5,899
15.023,144.1,-35.25,-13.7,900
15.039,145.8,-25.50,-9.9,901
15.056,147.1,-14.66,-5.7,902
15.073,147.6,-4.438,-1.7,903
15.089,147.1,6.284,2.4,904
15.106,145.9,16.68,6.5,905
15.123,144.1,26.77,10.5,906
15.140,139.6,35.08,14.1,907
15.156,136.3,43.45,17.7,908
15.173,133.4,50.80,20.8,909
15.190,130.7,57.76,23.8,910
15.206,127.5,63.02,26.3,911
15.223,125.0,67.66,28.4,912
15.240,122.9,71.10,30.1,913
15.256,122.0,74.11,31.3,914
15.273,120.8,75.30,31.9,915
15.290,120.8,75.82,32.1,916
15.306,121.0,74.52,31.6,917
15.323,122.6,73.50,30.9,918
15.340,123.7,70.07,29.5,919
15.357,126.1,66.51,27.8,920
15.373,128.5,61.30,25.5,921
15.390,131.5,55.46,22.9,922
15.407,134.2,48.67,19.9,923
15.423,137.2,41.08,16.7,924
15.440,139.6,32.20,13.0,925
15.457,141.8,23.19,9.3,926
15.473,143.1,13.02,5.2,927
15.490,144.5,3.329,1.3,928
15.507,146.3,-7.197,-2.8,929
15.523,146.2,-17.42,-6.8,930
15.540,145.0,-27.67,-10.8,931
15.557,143.2,-37.06,-14.5,932
15.574,140.5,-46.25,-18.2,933
15.590,137.8,-54.22,-21.5,934
15.607,134.4,-61.87,-24.7,935
15.624,131.6,-68.11,-27.4,936
15.640,128.4,-74.17,-30.0,937
15.657,125.8,-78.11,-31.8,938
15.674,123.5,-81.69,-33.5,939
15.690,122.0,-83.95,-34.5,940
15.707,121.1,-85.16,-35.1,941
15.724,120.9,-85.36,-35.2,942
15.740,121.6,-84.91,-34.9,943
15.757,123.0,-82.64,-33.9,944
15.774,124.6,-80.28,-32.8,945
15.791,127.0,-75.87,-30.9,946
15.807,129.5,-71.47,-28.9,947
15.824,132.8,-65.17,-26.1,948
15.841,135.7,-58.38,-23.3,949
15.857,138.9,-50.60,-20.0,950
15.874,141.4,-42.42,-16.7,951
15.891,143.8,-33.12,-13.0,952
15.907,145.5,-23.68,-9.2,953
15.924,146.8,-13.48,-5.2,954
15.941,146.9,-3.555,-1.4,955
15.957,146.6,6.852,2.7,956
15.974,145.5,16.68,6.5,957
15.991,142.8,26.02,10.3,958
16.008,141.8,35.21,13.9,959
16.024,136.6,42.35,17.2,960
16.041,133.8,49.26,20.2,961
16.058,131.8,56.07,23.1,962
16.074,128.5,60.75,25.3,963
16.091,126.4,65.21,27.3,964
16.108,124.3,68.37,28.8,965
16.124,123.1,70.68,29.9,966
16.141,122.4,71.51,30.3,967
16.158,122.1,71.71,30.4,968
16.174,122.8,71.04,30.0,969
16.191,124.0,69.23,29.2,970
16.208,125.5,66.55,27.9,971
16.225,127.4,62.48,26.1,972
16.241,130.0,57.88,24.0,973
16.258,133.9,52.44,21.4,974
16.275,136.0,45.55,18.5,975
16.291,137.9,37.72,15.3,976
16.308,140.2,29.54,11.9,977
16.325,141.8,20.29,8.1,978
16.341,143.2,10.85,4.3,979
16.358,143.8,1.024,0.4,980
16.375,143.7,-8.609,-3.4,981
16.391,143.2,-18.30,-7.3,982
16.408,144.5,-28.33,-11.1,983
16.425,142.7,-37.65,-14.8,984
16.442,140.8,-46.07,-18.1,985
16.458,137.7,-53.94,-21.4,986
16.475,134.9,-60.72,-24.2,987
16.492,131.9,-66.76,-26.8,988
16.508,129.6,-72.23,-29.1,989
16.525,126.8,-76.00,-30.9,990
16.542,125.3,-79.07,-32.3,991
16.558,123.8,-81.54,-33.4,992
16.575,123.3,-82.33,-33.7,993
16.592,123.2,-82.65,-33.9,994
16.608,123.8,-81.56,-33.4,995
16.625,124.9,-79.59,-32.5,996
16.642,127.0,-76.32,-31.0,997
16.659,129.2,-72.42,-29.3,998
16.675,132.1,-67.45,-27.0,999
16.692,134.9,-61.82,-24.6,1000
16.709,137.7,-54.83,-21.7,1001
16.725,140.7,-47.79,-18.8,1002
16.742,142.9,-38.99,-15.3,1003
16.759,144.8,-30.47,-11.9,1004
16.775,146.3,-21.10,-8.2,1005
16.792,146.3,-8.023,-3.1,1006
16.809,146.1,2.202,0.9,1007
16.825,145.7,11.62,4.6,1008
16.842,144.0,22.03,8.7,1009
16.859,142.1,30.57,12.1,1010
16.876,140.0,39.49,15.7,1011
16.892,137.0,46.88,18.9,1012
16.909,134.6,53.96,21.8,1013
16.926,131.6,59.52,24.3,1014
16.942,129.3,64.69,26.6,1015
16.959,126.6,68.73,28.5,1016
16.976,125.1,71.97,29.9,1017
16.992,123.8,73.55,30.7,1018
17.009,123.4,74.81,31.2,1019
17.026,123.1,74.53,31.2,1020
17.042,124.0,73.58,30.7,1021
17.059,125.1,71.35,29.7,1022
17.076,127.2,68.29,28.2,1023
17.093,129.2,64.25,26.4,1024
17.109,131.9,59.22,24.2,1025
17.126,134.7,52.87,21.4,1026
17.143,137.6,45.88,18.4,1027
17.159,139.7,37.77,15.1,1028
17.176,142.2,29.95,11.9,1029
17.193,143.5,21.31,8.4,1030
17.209,145.1,12.07,4.8,1031
17.226,145.4,2.563,1.0,1032
17.243,145.5,-6.850,-2.7,1033
17.259,144.5,-16.24,-6.4,1034
17.276,143.3,-25.30,-10.0,1035
17.293,141.5,-34.05,-13.5,1036
17.309,139.3,-41.58,-16.6,1037
17.326,136.7,-49.19,-19.8,1038
17.343,134.3,-55.13,-22.3,1039
17.360,131.5,-60.80,-24.8,1040
17.376,129.3,-65.32,-26.8,1041
17.393,127.2,-68.81,-28.4,1042
17.410,125.7,-71.78,-29.7,1043
17.426,124.6,-73.36,-30.5,1044
17.443,124.3,-74.03,-30.8,1045
17.460,124.4,-73.86,-30.7,1046
17.476,125.3,-72.57,-30.1,1047
17.493,126.5,-70.58,-29.2,1048
17.510,128.5,-67.11,-27.6,1049
17.526,130.6,-63.11,-25.8,1050
17.543,133.1,-57.93,-23.5,1051
17.560,135.5,-52.07,-21.0,1052
17.577,138.0,-45.41,-18.2,1053
17.593,140.3,-37.98,-15.1,1054
17.610,142.6,-29.88,-11.8,1055
17.627,144.1,-21.16,-8.4,1056
17.643,145.1,-12.15,-4.8,1057
17.660,145.7,-2.973,-1.2,1058
17.677,145.7,6.696,2.6,1059
17.693,144.8,15.77,6.2,1060
17.710,143.4,24.44,9.7,1061
17.727,141.5,32.90,13.1,1062
17.743,139.3,40.78,16.3,1063
17.760,137.0,47.61,19.2,1064
17.777,134.1,54.37,22.1,1065
17.794,131.7,59.61,24.4,1066
17.810,129.1,64.34,26.5,1067
17.827,127.7,67.30,27.8,1068
17.844,126.1,69.67,28.9,1069
17.860,125.2,71.49,29.7,1070
17.877,124.7,71.68,29.9,1071
17.894,125.1,71.49,29.7,1072
17.910,125.9,69.82,29.0,1073
17.927,127.1,67.48,28.0,1074
17.944,128.9,64.12,26.4,1075
17.960,131.4,59.68,24.4,1076
17.977,133.6,54.37,22.1,1077
17.994,136.6,48.25,19.5,1078
18.011,138.8,41.16,16.5,1079
18.027,141.0,33.54,13.4,1080
18.044,142.8,25.25,10.0,1081
18.061,144.5,16.43,6.5,1082
18.077,145.3,7.673,3.0,1083
18.094,145.7,-1.464,-0.6,1084
18.111,145.2,-10.64,-4.2,1085
18.127,144.2,-18.93,-7.5,1086
18.144,142.4,-27.79,-11.0,1087
18.161,140.6,-35.46,-14.2,1088
18.177,138.4,-42.90,-17.2,1089
18.194,136.3,-49.54,-20.0,1090
18.211,134.0,-55.29,-22.4,1091
18.228,131.8,-60.29,-24.6,1092
18.244,130.0,-64.44,-26.4,1093
18.261,128.1,-67.62,-27.8,1094
18.278,126.9,-69.89,-28.8,1095
18.294,126.3,-70.98,-29.3,1096
18.311,126.0,-71.36,-29.5,1097
18.328,126.4,-70.62,-29.2,1098
18.344,127.5,-69.04,-28.4,1099
18.361,128.9,-66.33,-27.2,1100
18.378,130.7,-62.94,-25.7,1101
18.394,132.6,-58.51,-23.8,1102
18.411,135.0,-53.56,-21.6,1103
18.428,137.4,-47.41,-19.0,1104
18.445,139.6,-40.49,-16.2,1105
18.461,141.7,-32.99,-13.1,1106
18.478,143.2,-25.08,-9.9,1107
18.495,144.7,-16.22,-6.4,1108
18.511,145.5,-8.052,-3.2,1109
18.528,145.6,1.223,0.5,1110
18.545,145.4,10.14,4.0,1111
18.561,144.2,18.75,7.4,1112
18.578,142.8,26.83,10.6,1113
18.595,140.9,34.72,13.8,1114
18.611,138.7,41.73,16.7,1115
18.628,136.5,48.61,19.6,1116
18.645,133.9,54.26,22.1,1117
18.662,131.9,59.13,24.1,1118
18.678,130.0,62.55,25.7,1119
18.695,128.5,65.60,27.0,1120
18.712,127.2,67.58,28.0,1121
18.728,126.8,68.83,28.5,1122
18.745,126.6,68.66,28.5,1123
18.762,127.2,68.07,28.2,1124
18.778,128.2,65.96,27.2,1125
18.795,129.8,63.00,25.9,1126
18.812,131.8,59.25,24.2,1127
18.828,134.0,54.58,22.2,1128
18.845,136.2,49.02,19.8,1129
18.862,138.5,42.92,17.2,1130
18.879,140.7,35.85,14.3,1131
18.895,142.9,28.10,11.1,1132
18.912,144.5,19.98,7.9,1133
18.929,145.2,11.55,4.6,1134
18.945,145.7,2.803,1.1,1135
18.962,145.5,-5.987,-2.4,1136
18.979,145.0,-14.32,-5.6,1137
18.995,143.8,-22.61,-8.9,1138
19.012,142.5,-30.36,-12.0,1139
19.029,140.6,-37.97,-15.1,1140
19.045,138.4,-44.46,-17.8,1141
19.062,136.3,-50.74,-20.4,1142
19.079,134.2,-55.79,-22.6,1143
19.096,132.1,-59.98,-24.4,1144
19.112,130.4,-63.57,-26.0,1145
19.129,129.0,-66.11,-27.1,1146
19.146,128.0,-67.81,-27.9,1147
19.162,127.7,-68.40,-28.2,1148
19.179,127.7,-68.19,-28.1,1149
19.196,128.2,-67.13,-27.6,1150
19.212,129.4,-65.05,-26.7,1151
19.229,130.8,-62.08,-25.4,1152
19.246,132.7,-58.40,-23.7,1153
19.262,134.7,-53.82,-21.8,1154
19.279,136.8,-48.19,-19.4,1155
19.296,139.0,-42.06,-16.8,1156
19.313,140.9,-35.25,-14.0,1157
19.329,142.8,-27.59,-10.9,1158
19.346,144.0,-19.80,-7.8,1159
19.363,145.2,-11.48,-4.5,1160
19.379,145.6,-3.261,-1.3,1161
19.396,145.2,5.688,2.2,1162
19.413,144.6,13.88,5.5,1163
19.429,143.7,21.82,8.6,1164
19.446,142.2,29.69,11.8,1165
19.463,140.3,36.95,14.8,1166
19.479,138.3,43.71,17.5,1167
19.496,136.6,49.34,19.9,1168
19.513,134.3,54.07,21.9,1169
19.530,132.4,58.00,23.7,1170
19.546,130.7,61.30,25.1,1171
19.563,129.6,63.71,26.2,1172
19.580,128.7,64.89,26.7,1173
19.596,128.7,65.27,26.9,1174
19.613,128.8,64.89,26.7,1175
19.630,129.6,63.54,26.1,1176
19.646,130.7,61.32,25.1,1177
19.663,132.6,58.07,23.7,1178
19.680,134.3,54.09,21.9,1179
19.696,136.3,48.98,19.8,1180
19.713,138.6,42.94,17.2,1181
19.730,140.5,36.96,14.7,1182
19.747,142.3,29.61,11.8,1183
19.763,144.0,22.12,8.7,1184
19.780,144.6,14.00,5.5,1185
19.797,145.7,5.787,2.3,1186
19.813,145.5,-2.422,-1.0,1187
19.830,145.6,-10.92,-4.3,1188
19.847,144.3,-18.65,-7.4,1189
19.863,143.0,-26.12,-10.4,1190
19.880,141.2,-33.53,-13.4,1191
19.897,139.8,-39.94,-15.9,1192
19.913,137.8,-46.05,-18.5,1193
19.930,135.9,-51.02,-20.6,1194
19.947,133.7,-55.69,-22.6,1195
19.964,132.3,-59.23,-24.1,1196
19.980,130.8,-62.36,-25.5,1197
19.997,129.9,-64.28,-26.3,1198
20.014,129.4,-65.38,-26.8,1199
20.030,129.5,-65.25,-26.7,1200
20.047,129.8,-64.74,-26.5,1201
20.064,130.7,-62.95,-25.7,1202
20.080,131.7,-60.71,-24.7,1203
20.097,133.5,-57.15,-23.2,1204
20.114,135.2,-53.03,-21.4,1205
20.130,137.1,-48.07,-19.3,1206
20.147,139.0,-42.49,-17.0,1207
20.164,141.0,-36.14,-14.4,1208
20.181,142.5,-29.28,-11.6,1209
20.197,144.0,-21.79,-8.6,1210
20.214,144.8,-14.31,-5.6,1211
20.231,145.5,-6.391,-2.5,1212
20.247,145.4,2.047,0.8,1213
20.264,145.3,9.949,3.9,1214
20.281,144.1,18.04,7.1,1215
20.297,143.4,25.05,9.9,1216
20.314,142.0,31.74,12.6,1217
20.331,140.1,38.93,15.5,1218
20.347,137.8,44.79,18.0,1219
20.364,136.0,49.78,20.1,1220
20.381,134.0,53.84,21.9,1221
20.398,132.7,57.47,23.4,1222
20.414,131.5,59.81,24.5,1223
20.431,130.5,61.38,25.2,1224
20.448,130.4,61.95,25.4,1225
20.464,130.4,61.85,25.4,1226
20.481,130.9,61.01,25.0,1227
20.498,131.7,58.98,24.1,1228
20.514,132.9,56.08,22.9,1229
20.531,134.8,52.67,21.3,1230
20.548,136.6,48.20,19.4,1231
20.564,138.5,43.08,17.3,1232
20.581,140.3,37.01,14.8,1233
20.598,142.0,30.60,12.2,1234
20.614,143.7,23.11,9.1,1235
20.631,144.9,15.50,6.1,1236
20.648,145.7,7.747,3.0,1237
20.665,146.1,-0.101,-0.0,1238
20.681,145.7,-7.901,-3.1,1239
20.698,145.2,-15.37,-6.0,1240
20.715,143.9,-22.82,-9.0,1241
20.731,142.4,-29.86,-11.8,1242
20.748,140.9,-36.39,-14.5,1243
20.765,139.0,-42.30,-16.9,1244
20.781,137.2,-47.68,-19.2,1245
20.798,135.5,-51.96,-21.0,1246
20.815,133.8,-56.08,-22.7,1247
20.831,132.6,-58.90,-23.9,1248
20.848,131.6,-61.15,-24.9,1249
20.865,131.0,-62.31,-25.4,1250
20.882,130.6,-62.93,-25.7,1251
20.898,130.9,-62.41,-25.5,1252
20.915,131.5,-61.16,-24.9,1253
20.932,132.6,-59.08,-24.0,1254
20.948,133.7,-56.27,-22.8,1255
20.965,135.4,-52.20,-21.1,1256
20.982,137.0,-47.93,-19.3,1257
20.998,138.8,-42.71,-17.1,1258
21.015,140.6,-36.83,-14.7,1259
21.032,142.4,-30.45,-12.1,1260
21.048,143.6,-23.51,-9.3,1261
21.065,144.5,-16.18,-6.4,1262
21.082,145.8,-8.996,-3.5,1263
21.099,145.5,-1.161,-0.5,1264
21.115,145.1,6.917,2.7,1265
21.132,144.6,14.56,5.8,1266
21.149,144.0,21.53,8.5,1267
21.165,142.5,28.66,11.4,1268
21.182,140.5,35.18,14.1,1269
21.199,139.0,40.78,16.4,1270
21.215,137.0,46.08,18.6,1271
21.232,135.4,50.42,20.4,1272
21.249,134.0,53.82,21.9,1273
21.265,132.8,56.53,23.1,1274
21.282,132.2,58.31,23.8,1275
21.299,131.9,59.32,24.2,1276
21.316,131.9,59.29,24.2,1277
21.332,132.0,58.70,24.0,1278
21.349,132.7,56.68,23.1,1279
21.366,133.9,54.32,22.1,1280
21.382,135.5,51.18,20.7,1281
21.399,137.1,47.01,18.9,1282
21.416,138.7,42.24,16.9,1283
21.432,140.5,36.66,14.6,1284
21.449,141.8,30.69,12.2,1285
21.466,143.5,23.94,9.5,1286
21.482,144.5,16.78,6.6,1287
21.499,145.2,9.370,3.7,1288
21.516,145.7,1.785,0.7,1289
21.533,145.5,-5.937,-2.3,1290
21.549,144.8,-12.46,-4.9,1291
21.566,144.0,-19.62,-7.8,1292
21.583,142.8,-26.81,-10.6,1293
21.599,141.4,-33.15,-13.2,1294
21.616,139.9,-38.60,-15.4,1295
21.633,138.2,-44.14,-17.7,1296
21.649,136.6,-48.58,-19.6,1297
21.666,135.1,-52.48,-21.2,1298
21.683,133.8,-55.38,-22.5,1299
21.699,132.7,-57.81,-23.5,1300
21.716,132.2,-59.19,-24.1,1301
21.733,132.1,-59.82,-24.4,1302
21.750,132.0,-59.50,-24.3,1303
21.766,132.4,-58.52,-23.8,1304
21.783,133.4,-56.73,-23.0,1305
21.800,134.6,-53.95,-21.8,1306
21.816,135.8,-50.52,-20.4,1307
21.833,137.5,-46.17,-18.6,1308
21.850,139.1,-41.50,-16.6,1309
21.866,140.5,-35.89,-14.3,1310
21.883,142.2,-29.89,-11.9,1311
21.900,143.6,-23.25,-9.2,1312
21.916,144.4,-16.55,-6.5,1313
21.933,145.1,-9.420,-3.7,1314
21.950,145.5,-2.336,-0.9,1315
21.967,145.5,5.163,2.0,1316
21.983,145.1,12.13,4.8,1317
22.000,144.6,19.32,7.6,1318
22.017,142.9,26.11,10.4,1319
22.033,141.6,32.39,12.9,1320
22.050,140.1,37.84,15.1,1321
22.067,138.6,42.87,17.2,1322
22.083,136.6,47.41,19.1,1323
22.100,135.8,51.01,20.6,1324
22.117,134.5,53.24,21.6,1325
22.133,133.7,55.65,22.6,1326
22.150,133.0,56.75,23.1,1327
22.167,133.1,56.97,23.2,1328
22.184,133.2,56.30,22.9,1329
22.200,133.8,55.04,22.4,1330
22.217,134.8,52.75,21.4,1331
22.234,136.1,49.89,20.1,1332
22.250,137.4,45.79,18.4,1333
22.267,138.9,41.62,16.7,1334
22.284,140.7,36.21,14.4,1335
22.300,142.0,30.50,12.1,1336
22.317,143.3,24.14,9.6,1337
22.334,144.6,17.65,7.0,1338
22.350,145.4,10.66,4.2,1339
22.367,145.5,3.321,1.3,1340
22.384,145.8,-3.703,-1.5,1341
22.401,145.2,-10.38,-4.1,1342
22.417,144.4,-17.51,-6.9,1343
22.434,143.6,-24.06,-9.5,1344
22.451,142.3,-30.44,-12.1,1345
22.467,140.9,-36.34,-14.5,1346
22.484,139.2,-41.22,-16.5,1347
22.501,137.7,-45.69,-18.4,1348
22.517,136.4,-49.35,-19.9,1349
22.534,135.3,-52.44,-21.2,1350
22.551,134.2,-54.53,-22.1,1351
22.567,133.5,-56.15,-22.8,1352
22.584,133.5,-56.95,-23.1,1353
22.601,133.6,-57.04,-23.1,1354
22.618,133.9,-56.04,-22.7,1355
22.634,134.8,-54.55,-22.0,1356
22.651,135.8,-51.91,-20.9,1357
22.668,136.8,-48.79,-19.6,1358
22.684,138.3,-44.89,-18.0,1359
22.701,139.9,-40.43,-16.1,1360
22.718,141.2,-35.31,-14.0,1361
22.734,142.6,-29.57,-11.7,1362
22.751,143.6,-23.25,-9.2,1363
22.768,144.9,-16.85,-6.6,1364
22.784,145.3,-9.655,-3.8,1365
22.801,145.6,-2.891,-1.1,1366
22.818,145.7,4.256,1.7,1367
22.835,145.1,10.99,4.3,1368
22.851,144.6,17.71,7.0,1369
22.868,143.4,24.28,9.6,1370
22.885,142.1,30.00,11.9,1371
22.901,140.9,35.33,14.1,1372
22.918,139.4,40.41,16.2,1373
22.935,138.3,44.32,17.8,1374
22.951,136.7,48.26,19.4,1375
22.968,135.4,50.89,20.6,1376
22.985,134.9,52.86,21.4,1377
23.001,134.0,53.83,21.9,1378
23.018,134.0,54.19,22.0,1379
23.035,134.3,54.10,21.9,1380
23.052,134.7,52.71,21.4,1381
23.068,135.4,50.51,20.5,1382
23.085,136.6,48.07,19.4,1383
23.102,137.8,44.16,17.8,1384
23.118,139.4,40.16,16.1,1385
23.135,140.5,35.26,14.1,1386
23.152,142.0,29.91,11.9,1387
23.168,142.9,24.23,9.6,1388
23.185,144.1,18.00,7.1,1389
23.202,145.0,11.04,4.4,1390
23.218,145.7,4.310,1.7,1391
23.235,145.7,-2.642,-1.0,1392
23.252,145.4,-9.293,-3.7,1393
23.269,144.5,-15.81,-6.2,1394
23.285,143.8,-22.02,-8.7,1395
23.302,142.7,-27.91,-11.1,1396
23.319,141.5,-33.46,-13.3,1397
23.335,140.1,-38.22,-15.3,1398
23.352,138.9,-42.61,-17.1,1399
23.369,137.6,-46.37,-18.6,1400
23.385,136.6,-49.23,-19.8,1401
23.402,135.5,-51.72,-20.9,1402
23.419,135.0,-53.15,-21.5,1403
23.435,134.7,-54.06,-21.9,1404
23.452,134.8,-54.13,-21.9,1405
23.469,134.9,-53.28,-21.6,1406
23.486,135.6,-51.75,-20.9,1407
23.502,136.3,-49.73,-20.0,1408
23.519,137.5,-46.94,-18.8,1409
23.536,138.8,-43.14,-17.3,1410
23.552,140.1,-38.73,-15.5,1411
23.569,141.2,-33.93,-13.5,1412
23.586,142.5,-28.40,-11.3,1413
23.602,143.4,-22.64,-9.0,1414
23.619,144.5,-16.58,-6.5,1415
23.636,145.2,-10.15,-4.0,1416
23.652,145.3,-3.396,-1.3,1417
23.669,145.3,3.158,1.2,1418
23.686,145.2,9.482,3.7,1419
23.702,144.4,15.74,6.2,1420
23.719,143.6,22.26,8.8,1421
23.736,142.4,27.92,11.1,1422
23.753,141.1,33.04,13.2,1423
23.769,139.9,37.68,15.1,1424
23.786,138.6,41.66,16.7,1425
23.803,137.4,44.93,18.1,1426
23.819,136.4,47.89,19.4,1427
23.836,135.8,49.80,20.1,1428
23.853,135.3,51.00,20.7,1429
23.869,135.1,51.30,20.8,1430
23.886,135.4,51.21,20.7,1431
23.903,135.9,49.97,20.2,1432
23.919,136.5,48.13,19.4,1433
23.936,137.6,45.33,18.2,1434
23.953,138.9,41.92,16.8,1435
23.970,139.5,38.24,15.3,1436
23.986,140.9,33.46,13.4,1437
24.003,142.3,28.37,11.3,1438
24.020,143.5,22.82,9.0,1439
24.036,144.5,16.89,6.7,1440
24.053,145.1,10.44,4.1,1441
24.070,145.5,4.028,1.6,1442
24.086,145.2,-2.345,-0.9,1443
24.103,145.1,-8.563,-3.4,1444
24.120,144.6,-14.85,-5.9,1445
24.136,143.7,-21.00,-8.3,1446
24.153,142.8,-26.57,-10.5,1447
24.170,141.7,-31.65,-12.6,1448
24.187,140.3,-36.55,-14.6,1449
24.203,139.4,-40.41,-16.2,1450
24.220,138.2,-44.10,-17.7,1451
24.237,137.3,-46.85,-18.8,1452
24.253,136.4,-49.17,-19.8,1453
24.270,136.0,-50.62,-20.4,1454
24.287,135.5,-51.41,-20.8,1455
24.303,135.5,-51.48,-20.8,1456
24.320,135.8,-50.85,-20.5,1457
24.337,136.3,-49.31,-19.9,1458
24.353,137.1,-47.20,-19.0,1459
24.370,138.2,-44.28,-17.8,1460
24.387,139.3,-41.13,-16.5,1461
24.404,140.5,-36.93,-14.7,1462
24.420,141.5,-32.37,-12.9,1463
24.437,142.8,-27.15,-10.8,1464
24.454,143.7,-21.96,-8.7,1465
24.470,144.5,-15.92,-6.3,1466
24.487,145.1,-9.981,-3.9,1467
24.504,145.7,-3.772,-1.5,1468
24.520,145.6,2.373,0.9,1469
24.537,145.2,8.792,3.5,1470
24.554,144.7,14.79,5.8,1471
24.570,143.8,20.64,8.2,1472
24.587,142.9,26.27,10.4,1473
24.604,141.7,31.15,12.4,1474
24.621,140.5,35.53,14.2,1475
24.637,139.6,39.64,15.9,1476
24.654,138.2,42.61,17.1,1477
24.671,137.7,45.32,18.2,1478
24.687,136.9,46.92,18.9,1479
24.704,136.6,48.14,19.4,1480
24.721,136.5,48.35,19.5,1481
24.737,136.5,48.20,19.5,1482
24.754,136.7,46.96,19.0,1483
24.771,137.5,45.13,18.2,1484
24.787,138.3,42.71,17.2,1485
24.804,139.5,39.66,15.9,1486
24.821,140.3,35.68,14.3,1487
24.838,141.7,31.48,12.5,1488
24.854,142.8,26.67,10.6,1489
24.871,144.0,21.13,8.3,1490
24.888,144.7,15.89,6.3,1491
24.904,145.3,9.998,3.9,1492
24.921,145.7,3.791,1.5,1493
24.938,145.4,-2.479,-1.0,1494
24.954,145.2,-8.240,-3.2,1495
24.971,144.8,-13.79,-5.4,1496
24.988,144.0,-19.55,-7.7,1497
25.004,143.3,-25.19,-10.0,1498
25.021,142.1,-30.08,-12.0,1499
25.038,141.0,-34.30,-13.7,1500
25.055,140.1,-38.42,-15.3,1501
25.071,139.2,-41.99,-16.8,1502
25.088,138.2,-44.57,-17.9,1503
25.105,137.7,-46.58,-18.7,1504
25.121,137.0,-48.10,-19.4,1505
25.138,136.9,-48.74,-19.6,1506
25.155,136.8,-48.77,-19.6,1507
25.171,137.1,-47.78,-19.2,1508
25.188,137.5,-46.68,-18.7,1509
25.205,138.3,-44.48,-17.8,1510
25.221,139.0,-41.97,-16.8,1511
25.238,140.1,-38.66,-15.4,1512
25.255,140.9,-34.89,-13.9,1513
25.272,142.1,-30.50,-12.1,1514
25.288,143.3,-25.84,-10.2,1515
25.305,144.1,-20.31,-8.0,1516
25.322,144.9,-15.03,-5.9,1517
25.338,145.8,-9.479,-3.7,1518
25.355,145.4,-2.787,-1.1,1519
25.372,145.3,3.031,1.2,1520
25.388,145.1,8.697,3.4,1521
25.405,144.8,14.72,5.8,1522
25.422,143.7,19.56,7.8,1523
25.438,143.1,24.80,9.8,1524
25.455,142.2,29.72,11.8,1525
25.472,141.2,33.58,13.4,1526
25.489,140.0,37.48,15.0,1527
25.505,139.4,40.22,16.1,1528
25.522,138.7,42.45,17.0,1529
25.539,138.2,44.18,17.7,1530
25.555,137.6,45.15,18.2,1531
25.572,137.7,45.43,18.3,1532
25.589,137.6,45.18,18.2,1533
25.605,138.1,44.03,17.7,1534
25.622,138.7,42.13,16.9,1535
25.639,139.5,40.04,16.0,1536
25.655,140.6,36.80,14.7,1537
25.672,141.6,33.17,13.2,1538
25.689,142.3,28.99,11.5,1539
25.706,143.5,24.52,9.7,1540
25.722,144.1,19.68,7.8,1541
25.739,145.1,14.16,5.6,1542
25.756,145.2,8.620,3.4,1543
25.772,145.7,3.042,1.2,1544
25.789,145.5,-2.895,-1.1,1545
25.806,145.5,-8.579,-3.4,1546
25.822,145.1,-14.20,-5.6,1547
25.839,144.7,-19.31,-7.6,1548
25.856,143.5,-24.67,-9.8,1549
25.872,142.6,-29.05,-11.5,1550
25.889,141.8,-33.24,-13.2,1551
25.906,140.9,-37.01,-14.7,1552
25.923,139.8,-39.97,-15.9,1553
25.939,139.1,-42.74,-17.1,1554
25.956,138.4,-44.44,-17.8,1555
25.973,138.2,-45.65,-18.3,1556
25.989,137.9,-46.12,-18.5,1557
26.006,138.2,-45.98,-18.4,1558
26.023,138.2,-45.52,-18.2,1559
26.039,138.7,-44.03,-17.6,1560
26.056,139.5,-41.94,-16.7,1561
26.073,140.0,-39.39,-15.7,1562
26.089,141.1,-36.20,-14.4,1563
26.106,142.0,-32.45,-12.9,1564
26.123,142.9,-28.40,-11.2,1565
26.140,143.9,-23.82,-9.4,1566
26.156,144.8,-18.77,-7.4,1567
26.173,145.5,-13.83,-5.4,1568
26.190,145.5,-8.311,-3.3,1569
26.206,145.7,-2.472,-1.0,1570
26.223,145.8,2.955,1.2,1571
26.240,145.4,8.758,3.4,1572
26.256,144.9,13.92,5.5,1573
26.273,144.7,18.87,7.4,1574
26.290,143.5,23.96,9.5,1575
26.306,142.9,27.97,11.1,1576
26.323,141.7,32.02,12.7,1577
26.340,140.8,35.15,14.0,1578
26.357,140.0,38.17,15.2,1579
26.373,139.4,40.21,16.1,1580
26.390,138.8,41.88,16.8,1581
26.407,138.8,42.50,17.0,1582
26.423,138.4,42.93,17.2,1583
26.440,138.7,42.39,17.0,1584
26.457,138.7,41.45,16.6,1585
26.473,139.6,39.63,15.9,1586
26.490,140.0,37.46,15.0,1587
26.507,141.0,34.19,13.6,1588
26.523,142.0,30.60,12.2,1589
26.540,142.9,26.86,10.6,1590
26.557,143.9,22.12,8.7,1591
26.574,144.4,17.50,6.9,1592
26.590,145.2,12.40,4.9,1593
26.607,145.1,7.413,2.9,1594
26.624,145.5,1.865,0.7,1595
26.640,145.5,-3.934,-1.5,1596
26.657,145.3,-8.541,-3.4,1597
26.674,144.7,-13.76,-5.4,1598
26.690,144.1,-18.49,-7.3,1599
26.707,143.4,-23.45,-9.3,1600
26.724,142.7,-27.64,-11.0,1601
26.740,141.7,-31.47,-12.5,1602
26.757,141.0,-35.05,-14.0,1603
26.774,140.2,-38.17,-15.2,1604
26.790,139.8,-40.32,-16.1,1605
26.807,139.0,-41.96,-16.8,1606
26.824,138.8,-42.93,-17.2,1607
26.841,138.7,-43.63,-17.5,1608
26.857,138.9,-43.24,-17.3,1609
26.874,139.0,-42.51,-17.0,1610
26.891,139.3,-41.25,-16.5,1611
26.907,139.9,-39.24,-15.7,1612
26.924,140.6,-36.63,-14.6,1613
26.941,141.5,-33.60,-13.4,1614
26.957,142.3,-29.90,-11.9,1615
26.974,143.3,-26.25,-10.4,1616
26.991,144.0,-21.42,-8.5,1617
27.007,144.2,-16.72,-6.6,1618
27.024,144.9,-11.76,-4.6,1619
27.041,145.3,-6.652,-2.6,1620
27.058,145.5,-1.683,-0.7,1621
27.074,145.4,3.810,1.5,1622
27.091,144.9,8.573,3.4,1623
27.108,144.6,13.77,5.4,1624
27.124,144.0,18.57,7.3,1625
27.141,143.4,22.82,9.0,1626
27.158,142.6,26.64,10.6,1627
27.174,142.0,30.12,12.0,1628
27.191,141.0,33.35,13.3,1629
27.208,140.3,35.88,14.3,1630
27.224,139.8,38.04,15.2,1631
27.241,139.5,39.45,15.8,1632
27.258,139.2,39.98,16.0,1633
27.275,139.1,40.10,16.1,1634
27.291,139.3,39.51,15.8,1635
27.308,139.6,38.44,15.4,1636
27.325,140.3,36.50,14.6,1637
27.341,140.9,34.16,13.6,1638
27.358,141.6,31.27,12.4,1639
27.375,142.5,28.11,11.2,1640
27.391,143.3,23.94,9.5,1641
27.408,143.9,19.66,7.8,1642
27.425,144.4,15.51,6.1,1643
27.441,145.0,10.40,4.1,1644
27.458,145.4,5.119,2.0,1645
27.475,145.7,0.262,0.1,1646
27.492,145.5,-4.709,-1.9,1647
27.508,145.1,-9.421,-3.7,1648
27.525,144.8,-13.78,-5.4,1649
27.542,144.0,-18.64,-7.4,1650
27.558,143.4,-23.05,-9.1,1651
27.575,142.9,-26.89,-10.7,1652
27.592,142.0,-30.72,-12.2,1653
27.608,141.2,-33.61,-13.4,1654
27.625,140.6,-35.87,-14.3,1655
27.642,139.9,-38.19,-15.3,1656
27.658,139.7,-39.79,-15.9,1657
27.675,139.4,-40.42,-16.2,1658
27.692,139.3,-40.58,-16.2,1659
27.709,139.4,-40.50,-16.2,1660
27.725,139.8,-39.51,-15.8,1661
27.742,140.3,-38.17,-15.2,1662
27.759,140.7,-35.95,-14.3,1663
27.775,141.2,-33.40,-13.3,1664
27.792,142.0,-30.49,-12.1,1665
27.809,142.7,-27.17,-10.8,1666
27.825,143.6,-22.95,-9.1,1667
27.842,144.1,-18.96,-7.5,1668
27.859,144.8,-14.22,-5.6,1669
27.875,144.8,-9.666,-3.8,1670
27.892,145.1,-4.913,-1.9,1671
27.909,145.2,-0.208,-0.1,1672
27.926,145.0,4.611,1.8,1673
27.942,144.9,9.283,3.7,1674
27.959,144.8,14.21,5.6,1675
27.976,143.9,18.48,7.3,1676
27.992,143.4,22.59,9.0,1677
28.009,142.6,25.99,10.3,1678
28.026,142.4,29.18,11.6,1679
28.042,141.3,31.99,12.8,1680
28.059,140.9,34.18,13.6,1681
28.076,140.6,35.62,14.2,1682
28.092,140.1,37.15,14.9,1683
28.109,139.9,37.21,14.9,1684
28.126,140.2,37.35,14.9,1685
28.143,140.2,36.76,14.7,1686
28.159,140.7,35.55,14.2,1687
28.176,141.1,33.26,13.3,1688
28.193,141.9,31.01,12.3,1689
28.209,142.2,28.28,11.2,1690
28.226,143.0,25.11,10.0,1691
28.243,143.5,21.41,8.5,1692
28.259,144.3,17.61,7.0,1693
28.276,144.7,13.01,5.1,1694
28.293,144.9,8.532,3.4,1695
28.309,145.1,3.950,1.6,1696
28.326,145.3,-0.467,-0.2,1697
28.343,145.0,-5.401,-2.1,1698
28.360,144.8,-9.684,-3.8,1699
28.376,144.7,-14.18,-5.6,1700
28.393,144.0,-18.37,-7.3,1701
28.410,143.6,-22.38,-8.9,1702
28.426,142.9,-25.92,-10.3,1703
28.443,142.1,-29.06,-11.6,1704
28.460,141.5,-31.85,-12.7,1705
28.476,141.0,-34.00,-13.6,1706
28.493,140.5,-35.84,-14.3,1707
28.510,140.3,-37.00,-14.8,1708
28.526,140.1,-37.75,-15.1,1709
28.543,140.0,-37.81,-15.1,1710
28.560,140.2,-37.33,-14.9,1711
28.577,140.4,-36.42,-14.5,1712
28.593,141.0,-34.88,-13.9,1713
28.610,141.4,-32.84,-13.1,1714
28.627,142.0,-30.42,-12.1,1715
28.643,142.5,-27.22,-10.8,1716
28.660,143.1,-24.25,-9.6,1717
28.677,143.8,-20.43,-8.1,1718
28.693,144.2,-16.51,-6.5,1719
28.710,144.8,-12.15,-4.8,1720
28.727,145.1,-7.715,-3.0,1721
28.743,145.1,-3.088,-1.2,1722
28.760,145.1,1.568,0.6,1723
28.777,145.2,6.135,2.4,1724
28.794,144.8,10.43,4.1,1725
28.810,144.6,14.76,5.8,1726
28.827,144.0,18.26,7.2,1727
28.844,143.5,22.11,8.8,1728
28.860,142.9,25.19,10.0,1729
28.877,142.3,28.02,11.1,1730
28.894,141.6,30.47,12.1,1731
28.910,141.2,32.57,13.0,1732
28.927,140.9,33.56,13.4,1733
28.944,140.8,34.87,13.9,1734
28.960,140.4,34.78,13.9,1735
28.977,140.6,34.72,13.9,1736
28.994,140.5,34.03,13.6,1737
29.011,141.1,32.83,13.1,1738
29.027,141.5,30.80,12.3,1739
29.044,142.2,28.52,11.3,1740
29.061,142.7,25.49,10.1,1741
29.077,143.4,22.63,9.0,1742
29.094,143.9,18.75,7.4,1743
29.111,144.7,15.10,6.0,1744
29.127,145.0,10.53,4.2,1745
29.144,145.5,6.280,2.5,1746
29.161,145.6,2.006,0.8,1747
29.177,145.7,-2.248,-0.9,1748
29.194,145.5,-6.871,-2.7,1749
29.211,145.3,-10.86,-4.3,1750
29.228,144.6,-14.97,-5.9,1751
29.244,144.4,-18.57,-7.3,1752
29.261,143.7,-22.66,-9.0,1753
29.278,143.3,-25.49,-10.1,1754
29.294,142.8,-28.75,-11.4,1755
29.311,142.4,-30.89,-12.2,1756
29.328,141.7,-32.83,-13.0,1757
29.344,141.2,-34.19,-13.6,1758
29.361,140.9,-35.32,-14.1,1759
29.378,141.1,-35.60,-14.2,1760
29.394,141.0,-35.71,-14.2,1761
29.411,141.2,-35.08,-14.0,1762
29.428,141.6,-34.46,-13.7,1763
29.445,141.9,-32.28,-12.8,1764
29.461,142.2,-30.60,-12.1,1765
29.478,142.8,-27.95,-11.1,1766
29.495,143.4,-25.25,-10.0,1767
29.511,143.9,-21.88,-8.6,1768
29.528,144.3,-18.57,-7.3,1769
29.545,145.0,-14.56,-5.7,1770
29.561,145.2,-10.47,-4.1,1771
29.578,145.5,-6.425,-2.5,1772
29.595,145.7,-2.151,-0.8,1773
29.611,145.6,2.160,0.8,1774
29.628,145.5,6.242,2.5,1775
29.645,145.7,10.06,4.0,1776
29.662,145.0,13.95,5.5,1777
29.678,144.5,17.81,7.0,1778
29.695,144.1,21.11,8.3,1779
29.712,143.8,23.75,9.4,1780
29.728,142.7,26.54,10.5,1781
29.745,142.8,28.53,11.3,1782
29.762,142.4,30.23,12.0,1783
29.778,142.1,31.14,12.4,1784
29.795,141.9,32.17,12.8,1785
29.812,141.8,32.45,12.9,1786
29.828,141.7,31.79,12.6,1787
29.845,142.1,30.74,12.2,1788
29.862,142.3,29.50,11.7,1789
29.879,142.9,27.38,10.8,1790
29.895,143.4,25.05,9.9,1791
29.912,143.6,22.71,9.0,1792
29.929,144.4,19.16,7.6,1793
29.945,144.6,16.07,6.3,1794
29.962,145.2,12.40,4.9,1795
29.979,145.8,8.429,3.3,1796
29.995,145.6,4.243,1.7,1797
30.012,145.6,0.399,0.2,1798
30.029,145.8,-3.743,-1.5,1799
30.045,145.6,-8.062,-3.2,1800
30.062,145.2,-11.59,-4.6,1801
30.079,145.0,-15.51,-6.1,1802
30.095,144.4,-19.07,-7.5,1803
30.112,143.9,-22.02,-8.7,1804
30.129,143.4,-24.92,-9.9,1805
30.146,143.2,-27.22,-10.8,1806
30.162,142.5,-29.42,-11.7,1807
30.179,142.1,-31.21,-12.4,1808
30.196,141.9,-32.26,-12.8,1809
30.212,141.7,-32.93,-13.1,1810
30.229,141.6,-33.33,-13.2,1811
30.246,141.7,-33.10,-13.2,1812
30.262,141.9,-32.22,-12.8,1813
30.279,142.2,-31.01,-12.3,1814
30.296,142.4,-29.31,-11.6,1815
30.312,143.0,-27.17,-10.8,1816
30.329,143.1,-25.00,-9.9,1817
30.346,144.0,-21.92,-8.7,1818
30.363,144.2,-18.82,-7.4,1819
30.379,144.7,-15.56,-6.1,1820
30.396,144.9,-12.23,-4.8,1821
30.413,145.5,-8.595,-3.4,1822
30.429,145.5,-4.649,-1.8,1823
30.446,145.5,-0.662,-0.3,1824
30.463,145.5,3.307,1.3,1825
30.479,145.6,7.127,2.8,1826
30.496,145.1,10.97,4.3,1827
30.513,145.2,14.22,5.6,1828
30.529,144.4,17.42,6.9,1829
30.546,143.9,20.66,8.2,1830
30.563,143.4,23.25,9.2,1831
30.580,143.1,25.57,10.1,1832
30.596,142.8,26.83,10.6,1833
30.613,142.4,28.56,11.3,1834
30.630,142.5,29.29,11.6,1835
30.646,142.1,29.47,11.7,1836
30.663,142.2,29.47,11.7,1837
30.680,142.8,28.61,11.3,1838
30.696,142.6,27.68,11.0,1839
30.713,142.8,26.41,10.5,1840
30.730,143.3,24.32,9.6,1841
30.746,143.9,22.07,8.7,1842
30.763,144.0,19.64,7.8,1843
30.780,144.7,16.41,6.5,1844
30.797,144.7,13.43,5.3,1845
30.813,145.2,9.855,3.9,1846
30.830,145.2,6.286,2.5,1847
30.847,145.5,2.387,0.9,1848
30.863,145.6,-1.595,-0.6,1849
30.880,145.8,-4.919,-1.9,1850
30.897,145.1,-8.738,-3.4,1851
30.913,145.0,-12.19,-4.8,1852
30.930,144.7,-15.45,-6.1,1853
30.947,144.5,-18.83,-7.4,1854
30.963,143.9,-21.50,-8.5,1855
30.980,143.6,-23.97,-9.5,1856
30.997,143.1,-26.06,-10.3,1857
31.014,142.7,-27.87,-11.1,1858
31.030,142.3,-29.41,-11.7,1859
31.047,142.2,-30.18,-12.0,1860
31.064,142.0,-30.82,-12.2,1861
31.080,142.1,-30.80,-12.2,1862
31.097,142.3,-30.22,-12.0,1863
31.114,142.3,-29.38,-11.7,1864
31.130,142.9,-28.05,-11.1,1865
31.147,143.2,-26.44,-10.5,1866
31.164,143.5,-24.20,-9.6,1867
31.180,144.2,-21.71,-8.6,1868
31.197,144.2,-18.98,-7.5,1869
31.214,144.6,-16.05,-6.3,1870
31.231,144.7,-12.80,-5.1,1871
31.247,145.3,-9.475,-3.7,1872
31.264,145.3,-5.780,-2.3,1873
31.281,145.4,-2.425,-1.0,1874
31.297,145.3,1.231,0.5,1875
31.314,145.4,4.796,1.9,1876
31.331,144.9,7.939,3.1,1877
31.347,144.9,11.50,4.5,1878
31.364,144.6,14.82,5.9,1879
31.381,144.2,17.48,6.9,1880
31.397,143.9,19.80,7.8,1881
31.414,143.4,22.03,8.7,1882
31.431,142.9,24.16,9.6,1883
31.448,142.9,25.49,10.1,1884
31.464,142.4,26.49,10.5,1885
31.481,142.4,27.23,10.8,1886
31.498,142.4,27.27,10.8,1887
31.514,142.4,27.22,10.8,1888
31.531,142.6,26.08,10.4,1889
31.548,142.8,24.94,9.9,1890
31.564,143.4,23.39,9.3,1891
31.581,143.5,21.46,8.5,1892
31.598,144.2,19.33,7.6,1893
31.614,144.5,16.41,6.5,1894
31.631,144.7,13.83,5.5,1895
31.648,144.9,10.49,4.1,1896
31.665,145.2,7.633,3.0,1897
31.681,145.3,4.093,1.6,1898
31.698,145.6,0.814,0.3,1899
31.715,145.3,-2.898,-1.1,1900
31.731,145.6,-6.208,-2.4,1901
31.748,145.2,-9.658,-3.8,1902
31.765,145.0,-12.86,-5.1,1903
31.781,144.4,-15.66,-6.2,1904
31.798,144.4,-18.36,-7.2,1905
31.815,144.0,-21.06,-8.3,1906
31.831,143.7,-22.86,-9.0,1907
31.848,143.2,-25.30,-10.0,1908
31.865,143.3,-26.35,-10.4,1909
31.882,142.7,-27.72,-11.0,1910
31.898,142.9,-28.05,-11.1,1911
31.915,142.8,-28.46,-11.3,1912
31.932,142.9,-28.16,-11.1,1913
31.948,142.8,-27.70,-11.0,1914
31.965,143.1,-26.80,-10.6,1915
31.982,143.2,-25.64,-10.1,1916
31.998,143.5,-23.31,-9.2,1917
32.015,144.0,-21.63,-8.5,1918
32.032,144.5,-18.92,-7.5,1919
32.048,144.6,-16.68,-6.6,1920
32.065,145.1,-13.65,-5.4,1921
32.082,145.2,-10.65,-4.2,1922
32.099,145.6,-7.450,-2.9,1923
32.115,145.6,-4.216,-1.7,1924
32.132,145.7,-0.888,-0.3,1925
32.149,145.4,2.464,1.0,1926
32.165,145.5,5.623,2.2,1927
32.182,145.2,8.604,3.4,1928
32.199,145.1,11.62,4.6,1929
32.215,144.8,14.22,5.6,1930
32.232,144.4,16.75,6.6,1931
32.249,144.3,18.42,7.3,1932
32.265,144.0,20.94,8.3,1933
32.282,143.8,22.00,8.7,1934
32.299,143.7,23.17,9.2,1935
32.316,143.6,24.05,9.5,1936
32.332,143.4,24.28,9.6,1937
32.349,143.2,24.16,9.6,1938
32.366,143.6,24.00,9.5,1939
32.382,143.3,22.93,9.1,1940
32.399,143.8,21.45,8.5,1941
32.416,144.3,19.64,7.7,1942
32.432,144.4,17.91,7.1,1943
32.449,144.6,15.77,6.2,1944
32.466,144.9,13.17,5.2,1945
32.482,145.2,10.60,4.2,1946
32.499,145.6,7.534,3.0,1947
32.516,145.7,4.343,1.7,1948
32.533,145.6,1.142,0.4,1949
32.549,145.6,-1.858,-0.7,1950
32.566,145.8,-4.969,-2.0,1951
32.583,145.5,-8.300,-3.3,1952
32.599,145.4,-10.77,-4.2,1953
32.616,144.9,-13.92,-5.5,1954
32.633,144.7,-16.13,-6.4,1955
32.649,144.2,-18.36,-7.3,1956
32.666,143.9,-20.79,-8.2,1957
32.683,143.6,-22.34,-8.8,1958
32.699,143.5,-23.99,-9.5,1959
32.716,143.2,-25.40,-10.1,1960
32.733,143.3,-25.94,-10.3,1961
32.750,143.3,-26.46,-10.5,1962
32.766,143.3,-26.41,-10.4,1963
32.783,143.3,-26.12,-10.3,1964
32.800,143.5,-25.18,-10.0,1965
32.816,143.8,-24.26,-9.6,1966
32.833,144.0,-22.59,-8.9,1967
32.850,144.3,-20.94,-8.3,1968
32.866,144.5,-18.69,-7.4,1969
32.883,145.0,-16.59,-6.5,1970
32.900,145.2,-13.75,-5.4,1971
32.916,145.4,-10.77,-4.2,1972
32.933,145.5,-8.295,-3.3,1973
32.950,145.6,-5.274,-2.1,1974
32.967,145.8,-2.191,-0.9,1975
32.983,145.8,0.768,0.3,1976
33.000,145.5,3.867,1.5,1977
33.017,145.6,6.523,2.6,1978
33.033,145.5,9.155,3.6,1979
33.050,145.0,11.94,4.7,1980
33.067,144.9,14.31,5.6,1981
33.083,144.5,16.63,6.6,1982
33.100,144.7,18.30,7.2,1983
33.117,144.3,19.59,7.7,1984
33.133,144.1,21.04,8.3,1985
33.150,144.1,21.63,8.5,1986
33.167,143.9,22.02,8.7,1987
33.183,143.9,22.04,8.7,1988
33.200,143.9,21.95,8.7,1989
33.217,143.8,21.19,8.4,1990
33.234,144.5,19.88,7.8,1991
33.250,144.7,18.74,7.4,1992
33.267,144.7,17.41,6.9,1993
33.284,145.0,15.11,5.9,1994
33.300,145.5,12.77,5.0,1995
33.317,145.4,10.58,4.2,1996
33.334,145.5,7.967,3.1,1997
33.350,145.5,5.058,2.0,1998
33.367,145.9,2.676,1.1,1999
33.384,145.7,-0.473,-0.2,2000
33.400,145.8,-3.318,-1.3,2001
33.417,145.6,-6.396,-2.5,2002
33.434,145.5,-8.772,-3.4,2003
33.451,145.4,-11.36,-4.5,2004
33.467,145.2,-13.72,-5.4,2005
33.484,144.8,-16.00,-6.3,2006
33.501,144.6,-17.92,-7.1,2007
33.517,144.0,-19.73,-7.8,2008
33.534,144.0,-21.02,-8.3,2009
33.551,143.8,-22.45,-8.9,2010
33.567,143.8,-23.12,-9.1,2011
33.584,143.7,-23.82,-9.4,2012
33.601,143.9,-23.56,-9.3,2013
33.617,143.8,-23.66,-9.3,2014
33.634,143.9,-22.72,-9.0,2015
33.651,144.1,-21.88,-8.6,2016
33.668,144.5,-20.48,-8.1,2017
33.684,144.6,-19.05,-7.5,2018
33.701,144.6,-17.30,-6.8,2019
33.718,145.0,-15.57,-6.1,2020
33.734,145.3,-13.10,-5.2,2021
33.751,145.1,-10.89,-4.3,2022
33.768,145.5,-8.312,-3.3,2023
33.784,145.5,-5.691,-2.2,2024
33.801,145.6,-2.975,-1.2,2025
33.818,145.5,-0.210,-0.1,2026
33.834,145.8,2.630,1.0,2027
33.851,145.5,5.075,2.0,2028
33.868,145.5,7.497,2.9,2029
33.885,145.3,10.19,4.0,2030
33.901,145.2,12.29,4.8,2031
33.918,145.0,14.00,5.5,2032
33.935,145.0,15.77,6.2,2033
33.951,144.7,17.06,6.7,2034
33.968,144.6,18.24,7.2,2035
33.985,144.1,19.15,7.6,2036
34.001,144.4,19.23,7.6,2037
34.018,144.5,19.32,7.6,2038
34.035,144.4,19.16,7.6,2039
34.051,144.5,18.64,7.4,2040
34.068,144.6,18.13,7.1,2041
34.085,144.5,16.78,6.6,2042
34.102,144.9,15.49,6.1,2043
34.118,145.3,13.66,5.4,2044
34.135,145.0,11.94,4.7,2045
34.152,145.4,10.13,4.0,2046
34.168,145.5,7.504,3.0,2047
34.185,145.7,5.260,2.1,2048
34.202,145.6,2.701,1.1,2049
34.218,145.9,0.276,0.1,2050
34.235,145.6,-2.357,-0.9,2051
34.252,145.7,-4.931,-1.9,2052
34.268,145.5,-7.614,-3.0,2053
34.285,145.4,-9.571,-3.8,2054
34.302,145.2,-12.07,-4.8,2055
34.319,145.1,-14.24,-5.6,2056
34.335,144.9,-16.25,-6.4,2057
34.352,144.9,-17.99,-7.1,2058
34.369,144.6,-18.96,-7.5,2059
34.385,144.5,-20.22,-8.0,2060
34.402,144.5,-21.20,-8.3,2061
34.419,144.5,-21.67,-8.5,2062
34.435,144.3,-22.02,-8.7,2063
34.452,144.5,-21.72,-8.5,2064
34.469,144.5,-21.38,-8.4,2065
34.485,144.6,-20.25,-8.0,2066
34.502,144.6,-19.50,-7.7,2067
34.519,144.8,-17.88,-7.0,2068
34.536,145.0,-16.80,-6.6,2069
34.552,145.4,-14.77,-5.8,2070
34.569,145.2,-12.80,-5.0,2071
34.586,145.6,-10.75,-4.2,2072
34.602,145.6,-8.723,-3.4,2073
34.619,146.1,-6.372,-2.5,2074
34.636,146.0,-4.159,-1.6,2075
34.652,146.2,-1.605,-0.6,2076
34.669,146.0,0.935,0.4,2077
34.686,145.7,3.458,1.4,2078
34.702,145.8,5.556,2.2,2079
34.719,145.6,7.916,3.1,2080
34.736,145.6,9.394,3.7,2081
34.753,145.5,11.46,4.5,2082
34.769,145.0,13.17,5.2,2083
34.786,145.1,14.62,5.8,2084
34.803,144.9,15.46,6.1,2085
34.819,145.1,16.31,6.4,2086
34.836,144.9,16.67,6.6,2087
34.853,145.1,16.97,6.7,2088
34.869,144.8,16.99,6.7,2089
34.886,144.9,16.66,6.6,2090
34.903,145.0,15.59,6.1,2091
34.919,145.2,15.21,6.0,2092
34.936,145.0,13.73,5.4,2093
34.953,145.6,12.36,4.9,2094
34.970,145.7,10.54,4.1,2095
34.986,145.8,8.946,3.5,2096
35.003,145.9,6.723,2.6,2097
35.020,146.3,4.398,1.7,2098
35.036,146.2,1.907,0.7,2099
35.053,146.2,1.364E-2,0.0,2100
35.070,145.8,-2.269,-0.9,2101
35.086,146.2,-4.538,-1.8,2102
35.103,145.8,-6.851,-2.7,2103
35.120,145.9,-8.919,-3.5,2104
35.136,145.3,-10.77,-4.2,2105
35.153,145.4,-12.47,-4.9,2106
35.170,144.9,-14.58,-5.7,2107
35.187,145.0,-15.66,-6.2,2108
35.203,144.7,-17.11,-6.7,2109
35.220,144.8,-17.81,-7.0,2110
35.237,144.6,-18.86,-7.4,2111
35.253,144.5,-19.13,-7.5,2112
35.270,144.4,-19.65,-7.7,2113
35.287,144.6,-19.36,-7.6,2114
35.303,144.5,-19.42,-7.7,2115
35.320,144.7,-18.43,-7.3,2116
35.337,144.6,-17.87,-7.0,2117
35.353,144.8,-16.85,-6.6,2118
35.370,145.0,-15.52,-6.1,2119
35.387,145.5,-14.02,-5.5,2120
35.404,145.4,-12.34,-4.8,2121
35.420,145.9,-10.14,-4.0,2122
35.437,145.7,-8.449,-3.3,2123
35.454,145.9,-6.157,-2.4,2124
35.470,145.8,-3.892,-1.5,2125
35.487,145.8,-1.712,-0.7,2126
35.504,145.8,0.239,0.1,2127
35.520,145.9,2.485,1.0,2128
35.537,145.6,4.482,1.8,2129
35.554,145.6,6.383,2.5,2130
35.570,145.6,8.073,3.2,2131
35.587,145.2,9.752,3.8,2132
35.604,145.2,11.30,4.5,2133
35.621,145.2,12.44,4.9,2134
35.637,145.0,13.23,5.2,2135
35.654,145.1,14.16,5.6,2136
35.671,145.0,14.50,5.7,2137
35.687,145.1,14.62,5.8,2138
35.704,145.0,14.59,5.7,2139
35.721,145.0,14.35,5.7,2140
35.737,145.1,13.97,5.5,2141
35.754,145.2,13.04,5.1,2142
35.771,145.6,11.63,4.6,2143
35.787,145.5,10.37,4.1,2144
35.804,145.9,9.022,3.5,2145
35.821,145.6,7.515,3.0,2146
35.838,145.8,6.016,2.4,2147
35.854,145.7,3.941,1.5,2148
35.871,146.1,1.750,0.7,2149
35.888,146.2,-0.469,-0.2,2150
35.904,146.1,-2.381,-0.9,2151
35.921,146.3,-4.436,-1.7,2152
35.938,146.0,-6.464,-2.5,2153
35.954,145.8,-7.981,-3.1,2154
35.971,145.6,-9.843,-3.9,2155
35.988,145.6,-11.65,-4.6,2156
36.004,145.6,-13.21,-5.2,2157
36.021,145.4,-14.16,-5.6,2158
36.038,145.2,-15.40,-6.1,2159
36.055,145.2,-16.53,-6.5,2160
36.071,145.1,-17.15,-6.7,2161
36.088,145.1,-17.71,-7.0,2162
36.105,145.0,-17.99,-7.1,2163
36.121,145.0,-18.03,-7.1,2164
36.138,145.2,-17.61,-6.9,2165
36.155,145.2,-17.16,-6.7,2166
36.171,145.0,-16.29,-6.4,2167
36.188,145.3,-15.30,-6.0,2168
36.205,145.2,-13.93,-5.5,2169
36.221,145.3,-12.52,-4.9,2170
36.238,145.7,-11.25,-4.4,2171
36.255,145.7,-9.656,-3.8,2172
36.271,146.0,-8.147,-3.2,2173
36.288,146.2,-6.188,-2.4,2174
36.305,146.2,-4.134,-1.6,2175
36.322,146.1,-2.392,-0.9,2176
36.338,146.2,-0.490,-0.2,2177
36.355,146.1,1.538,0.6,2178
36.372,146.3,3.125,1.2,2179
36.388,146.2,4.826,1.9,2180
36.405,146.2,6.403,2.5,2181
36.422,145.7,7.983,3.1,2182
36.438,145.8,9.465,3.7,2183
36.455,145.6,10.36,4.1,2184
36.472,145.6,11.42,4.5,2185
36.488,145.6,12.10,4.8,2186
36.505,145.7,12.35,4.8,2187
36.522,145.7,12.49,4.9,2188
36.539,145.5,12.53,4.9,2189
36.555,145.7,12.31,4.8,2190
36.572,145.6,12.00,4.7,2191
36.589,145.6,10.98,4.3,2192
36.605,145.8,10.40,4.1,2193
36.622,145.7,9.181,3.6,2194
36.639,145.7,8.029,3.2,2195
36.655,146.1,6.323,2.5,2196
36.672,146.2,4.756,1.9,2197
36.689,146.2,3.384,1.3,2198
36.705,146.1,1.566,0.6,2199
36.722,146.2,-8.834E-2,-0.0,2200
36.739,146.2,-1.639,-0.6,2201
36.756,146.2,-3.825,-1.5,2202
36.772,146.1,-5.320,-2.1,2203
36.789,145.9,-6.785,-2.7,2204
36.806,145.8,-8.532,-3.3,2205
36.822,145.7,-9.928,-3.9,2206
36.839,145.5,-11.19,-4.4,2207
36.856,145.3,-12.06,-4.7,2208
36.872,145.3,-13.13,-5.2,2209
36.889,145.2,-14.18,-5.6,2210
36.906,145.1,-14.57,-5.7,2211
36.922,145.0,-15.15,-6.0,2212
36.939,145.0,-15.21,-6.0,2213
36.956,145.1,-15.04,-5.9,2214
36.973,145.2,-14.90,-5.9,2215
36.989,145.2,-14.23,-5.6,2216
37.006,145.1,-13.47,-5.3,2217
37.023,145.3,-12.59,-5.0,2218
37.039,145.4,-11.38,-4.5,2219
37.056,145.2,-10.44,-4.1,2220
37.073,145.6,-9.307,-3.7,2221
37.089,145.6,-7.943,-3.1,2222
37.106,145.9,-6.588,-2.6,2223
37.123,145.7,-4.643,-1.8,2224
37.139,145.6,-3.081,-1.2,2225
37.156,145.6,-1.349,-0.5,2226
37.173,145.7,0.441,0.2,2227
37.190,145.7,1.894,0.7,2228
37.206,145.6,3.436,1.4,2229
37.223,145.6,4.730,1.9,2230
37.240,145.5,6.293,2.5,2231
37.256,145.5,7.486,2.9,2232
37.273,145.4,8.884,3.5,2233
37.290,145.1,9.765,3.9,2234
37.306,145.3,10.58,4.2,2235
37.323,144.9,10.85,4.3,2236
37.340,145.1,11.47,4.5,2237
37.356,145.0,11.44,4.5,2238
37.373,145.1,11.50,4.5,2239
37.390,145.1,11.17,4.4,2240
37.407,145.0,10.80,4.3,2241
37.423,145.0,10.24,4.0,2242
37.440,145.1,9.289,3.7,2243
37.457,145.3,8.371,3.3,2244
37.473,145.5,6.936,2.7,2245
37.490,145.5,5.711,2.2,2246
37.507,145.8,4.786,1.9,2247
37.523,145.7,3.187,1.3,2248
37.540,145.8,1.762,0.7,2249
37.557,145.8,0.225,0.1,2250
37.573,145.6,-1.302,-0.5,2251
37.590,145.7,-2.888,-1.1,2252
37.607,145.8,-4.282,-1.7,2253
37.624,145.7,-6.004,-2.4,2254
37.640,145.5,-7.125,-2.8,2255
37.657,145.4,-8.400,-3.3,2256
37.674,145.6,-9.625,-3.8,2257
37.690,145.3,-10.38,-4.1,2258
37.707,145.1,-11.16,-4.4,2259
37.724,145.2,-11.95,-4.7,2260
37.740,145.1,-12.36,-4.9,2261
37.757,145.1,-12.70,-5.0,2262
37.774,145.1,-12.63,-5.0,2263
37.790,145.0,-12.84,-5.1,2264
37.807,145.2,-12.43,-4.9,2265
37.824,145.2,-12.36,-4.9,2266
37.841,145.2,-11.49,-4.5,2267
37.857,145.2,-10.85,-4.3,2268
37.874,145.2,-9.892,-3.9,2269
37.891,145.1,-8.874,-3.5,2270
37.907,145.4,-7.722,-3.0,2271
37.924,145.2,-6.387,-2.5,2272
37.941,145.7,-4.911,-1.9,2273
37.957,145.5,-4.007,-1.6,2274
37.974,145.5,-2.359,-0.9,2275
37.991,145.6,-1.133,-0.4,2276
38.007,145.6,0.439,0.2,2277
38.024,145.6,1.635,0.6,2278
38.041,145.8,3.196,1.3,2279
38.058,145.5,3.878,1.5,2280
38.074,145.6,5.590,2.2,2281
38.091,145.3,6.484,2.6,2282
38.108,145.4,7.362,2.9,2283
38.124,145.1,8.081,3.2,2284
38.141,145.4,8.955,3.5,2285
38.158,145.1,9.094,3.6,2286
38.174,145.3,9.477,3.7,2287
38.191,145.2,9.474,3.7,2288
38.208,145.3,9.540,3.8,2289
38.224,145.2,8.923,3.5,2290
38.241,145.4,8.855,3.5,2291
38.258,145.2,7.836,3.1,2292
38.275,145.1,7.460,2.9,2293
38.291,145.1,6.305,2.5,2294
38.308,145.2,5.727,2.3,2295
38.325,145.5,4.027,1.6,2296
38.341,145.6,3.055,1.2,2297
38.358,145.3,1.850,0.7,2298
38.375,145.6,0.609,0.2,2299
38.391,145.3,-0.562,-0.2,2300
38.408,145.4,-1.905,-0.8,2301
38.425,145.6,-3.272,-1.3,2302
38.441,145.7,-4.384,-1.7,2303
38.458,145.5,-5.792,-2.3,2304
38.475,145.7,-6.757,-2.7,2305
38.492,145.5,-8.114,-3.2,2306
38.508,145.6,-8.648,-3.4,2307
38.525,145.5,-9.832,-3.9,2308
38.542,145.8,-10.13,-4.0,2309
38.558,145.6,-10.77,-4.2,2310
38.575,145.5,-11.02,-4.3,2311
38.592,145.7,-11.22,-4.4,2312
38.608,145.7,-11.38,-4.5,2313
38.625,145.6,-11.51,-4.5,2314
38.642,145.8,-11.24,-4.4,2315
38.658,145.7,-10.96,-4.3,2316
38.675,145.9,-10.09,-4.0,2317
38.692,145.7,-9.786,-3.8,2318
38.709,145.7,-8.651,-3.4,2319
38.725,145.7,-7.686,-3.0,2320
38.742,145.9,-6.583,-2.6,2321
38.759,145.9,-5.526,-2.2,2322
38.775,145.7,-4.518,-1.8,2323
38.792,145.8,-3.460,-1.4,2324
38.809,145.8,-2.080,-0.8,2325
38.825,145.8,-0.966,-0.4,2326
38.842,145.9,0.225,0.1,2327
38.859,145.9,1.351,0.5,2328
38.875,145.7,2.331,0.9,2329
38.892,145.7,3.430,1.3,2330
38.909,145.6,4.205,1.7,2331
38.926,145.6,5.137,2.0,2332
38.942,145.5,5.641,2.2,2333
38.959,145.6,6.342,2.5,2334
38.976,145.7,6.645,2.6,2335
38.992,145.6,6.993,2.7,2336
39.009,145.7,7.154,2.8,2337
39.026,145.8,7.249,2.8,2338
39.042,145.7,7.037,2.8,2339
39.059,145.6,6.885,2.7,2340
39.076,145.6,6.228,2.4,2341
39.092,145.6,5.832,2.3,2342
39.109,145.7,5.302,2.1,2343
39.126,145.7,4.523,1.8,2344
39.143,145.8,3.640,1.4,2345
39.159,145.9,2.666,1.0,2346
39.176,145.8,1.480,0.6,2347
39.193,145.7,0.684,0.3,2348
39.209,145.6,-0.527,-0.2,2349
39.226,145.8,-1.509,-0.6,2350
39.243,145.7,-2.692,-1.1,2351
39.259,145.6,-3.668,-1.4,2352
39.276,145.5,-4.691,-1.8,2353
39.293,145.7,-5.621,-2.2,2354
39.309,145.7,-6.591,-2.6,2355
39.326,145.7,-7.318,-2.9,2356
39.343,145.4,-7.876,-3.1,2357
39.359,145.6,-8.458,-3.3,2358
39.376,145.6,-9.113,-3.6,2359
39.393,145.6,-9.722,-3.8,2360
39.410,145.5,-9.817,-3.9,2361
39.426,145.5,-9.874,-3.9,2362
39.443,145.5,-10.03,-3.9,2363
39.460,145.7,-9.648,-3.8,2364
39.476,145.5,-9.452,-3.7,2365
39.493,145.6,-8.766,-3.4,2366
39.510,145.7,-8.397,-3.3,2367
39.526,145.6,-7.633,-3.0,2368
39.543,145.8,-6.876,-2.7,2369
39.560,145.6,-5.936,-2.3,2370
39.576,145.7,-5.097,-2.0,2371
39.593,145.7,-4.038,-1.6,2372
39.610,145.8,-3.176,-1.2,2373
39.627,145.9,-2.060,-0.8,2374
39.643,145.8,-1.416,-0.6,2375
39.660,145.8,-0.317,-0.1,2376
39.677,145.5,0.419,0.2,2377
39.693,145.8,1.355,0.5,2378
39.710,145.5,2.161,0.9,2379
39.727,145.6,2.942,1.2,2380
39.743,145.6,3.503,1.4,2381
39.760,145.7,4.317,1.7,2382
39.777,145.5,4.594,1.8,2383
39.793,145.6,5.179,2.0,2384
39.810,145.5,5.164,2.0,2385
39.827,145.7,5.366,2.1,2386
39.844,145.6,5.203,2.0,2387
39.860,145.6,5.208,2.0,2388
39.877,145.5,5.026,2.0,2389
39.894,145.7,4.801,1.9,2390
39.910,145.6,4.190,1.6,2391
39.927,145.8,4.053,1.6,2392
39.944,145.6,3.276,1.3,2393
39.960,145.7,2.883,1.1,2394
39.977,145.7,1.812,0.7,2395
39.994,145.6,1.066,0.4,2396
40.010,145.7,6.999E-2,0.0,2397
40.027,145.8,-0.509,-0.2,2398
40.044,145.7,-1.582,-0.6,2399
40.061,145.7,-2.314,-0.9,2400
40.077,145.6,-3.432,-1.4,2401
40.094,145.6,-4.046,-1.6,2402
40.111,145.5,-5.195,-2.0,2403
40.127,145.7,-5.722,-2.2,2404
40.144,145.7,-6.259,-2.5,2405
40.161,145.6,-7.056,-2.8,2406
40.177,145.7,-7.220,-2.8,2407
40.194,145.6,-7.574,-3.0,2408
40.211,145.5,-8.108,-3.2,2409
40.227,145.5,-8.248,-3.2,2410
40.244,145.5,-8.303,-3.3,2411
40.261,145.6,-8.228,-3.2,2412
40.278,145.6,-8.202,-3.2,2413
40.294,145.7,-7.951,-3.1,2414
40.311,145.6,-7.621,-3.0,2415
40.328,145.8,-7.243,-2.8,2416
40.344,145.8,-6.648,-2.6,2417
40.361,145.7,-6.126,-2.4,2418
40.378,145.6,-5.361,-2.1,2419
40.394,145.7,-4.546,-1.8,2420
40.411,145.7,-3.924,-1.5,2421
40.428,145.8,-3.187,-1.3,2422
40.444,145.7,-2.310,-0.9,2423
40.461,145.7,-1.627,-0.6,2424
40.478,145.9,-0.815,-0.3,2425
40.495,145.6,-8.242E-2,-0.0,2426
40.511,145.7,0.632,0.2,2427
40.528,145.8,1.387,0.5,2428
40.545,145.7,1.876,0.7,2429
40.561,145.7,2.463,1.0,2430
40.578,145.6,2.743,1.1,2431
40.595,145.7,3.167,1.2,2432
40.611,145.7,3.463,1.4,2433
40.628,145.7,3.602,1.4,2434
40.645,145.7,3.671,1.4,2435
40.661,145.8,3.786,1.5,2436
40.678,145.6,3.610,1.4,2437
40.695,145.7,3.535,1.4,2438
40.712,145.7,3.240,1.3,2439
40.728,145.8,2.669,1.0,2440
40.745,145.6,2.322,0.9,2441
40.762,145.6,1.661,0.7,2442
40.778,145.6,1.233,0.5,2443
40.795,145.7,0.751,0.3,2444
40.812,145.5,-8.692E-2,-0.0,2445
40.828,145.5,-0.718,-0.3,2446
40.845,145.7,-1.413,-0.6,2447
40.862,145.7,-2.124,-0.8,2448
40.878,145.7,-2.871,-1.1,2449
40.895,145.7,-3.467,-1.4,2450
40.912,145.6,-4.081,-1.6,2451
40.929,145.6,-4.692,-1.8,2452
40.945,145.5,-5.233,-2.1,2453
40.962,145.7,-5.619,-2.2,2454
40.979,145.7,-6.030,-2.4,2455
40.995,145.5,-6.354,-2.5,2456
41.012,145.7,-6.717,-2.6,2457
41.029,145.6,-6.921,-2.7,2458
41.045,145.6,-7.005,-2.8,2459
41.062,145.6,-6.996,-2.8,2460
41.079,145.5,-7.113,-2.8,2461
41.095,145.7,-6.824,-2.7,2462
41.112,145.7,-6.722,-2.6,2463
41.129,145.8,-6.098,-2.4,2464
41.146,145.7,-5.826,-2.3,2465
41.162,145.9,-5.437,-2.1,2466
41.179,145.8,-4.890,-1.9,2467
41.196,145.9,-4.376,-1.7,2468
41.212,145.8,-3.833,-1.5,2469
41.229,145.8,-3.264,-1.3,2470
41.246,145.7,-2.794,-1.1,2471
41.262,145.9,-1.959,-0.8,2472
41.279,145.6,-1.803,-0.7,2473
41.296,145.6,-0.766,-0.3,2474
41.312,145.8,-0.351,-0.1,2475
41.329,145.8,0.176,0.1,2476
41.346,145.7,0.753,0.3,2477
41.363,145.7,1.158,0.5,2478
41.379,145.6,1.573,0.6,2479
41.396,145.8,2.016,0.8,2480
41.413,145.8,1.977,0.8,2481
41.429,145.7,2.248,0.9,2482
41.446,145.7,2.389,0.9,2483
41.463,145.7,2.473,1.0,2484
41.479,145.7,2.433,1.0,2485
41.496,145.8,2.516,1.0,2486
41.513,145.6,2.245,0.9,2487
41.529,145.7,1.968,0.8,2488
41.546,145.6,1.579,0.6,2489
41.563,145.8,1.384,0.5,2490
41.580,145.7,0.980,0.4,2491
41.596,145.6,0.469,0.2,2492
41.613,145.6,3.808E-2,0.0,2493
41.630,145.6,-0.627,-0.2,2494
41.646,145.7,-0.989,-0.4,2495
41.663,145.6,-1.624,-0.6,2496
41.680,145.8,-1.978,-0.8,2497
41.696,145.8,-2.536,-1.0,2498
41.713,145.6,-3.036,-1.2,2499
41.730,145.6,-3.557,-1.4,2500
41.746,145.7,-3.979,-1.6,2501
41.763,145.7,-4.432,-1.7,2502
41.780,145.6,-4.683,-1.8,2503
41.797,145.8,-4.880,-1.9,2504
41.813,145.6,-5.327,-2.1,2505
41.830,145.7,-5.519,-2.2,2506
41.847,145.6,-5.726,-2.3,2507
41.863,145.5,-5.772,-2.3,2508
41.880,145.6,-5.749,-2.3,2509
41.897,145.6,-5.708,-2.2,2510
41.913,145.6,-5.590,-2.2,2511
41.930,145.7,-5.486,-2.2,2512
41.947,145.7,-5.117,-2.0,2513
41.963,145.7,-4.940,-1.9,2514
41.980,145.7,-4.474,-1.8,2515
41.997,145.6,-4.130,-1.6,2516
42.014,145.6,-3.533,-1.4,2517
42.030,145.8,-3.189,-1.3,2518
42.047,145.8,-2.749,-1.1,2519
42.064,145.7,-2.300,-0.9,2520
42.080,145.7,-1.690,-0.7,2521
42.097,145.7,-1.253,-0.5,2522
42.114,145.7,-0.650,-0.3,2523
42.130,145.8,-0.309,-0.1,2524
42.147,145.7,0.125,0.0,2525
42.164,145.8,0.336,0.1,2526
42.180,145.5,0.509,0.2,2527
42.197,145.7,0.722,0.3,2528
42.214,145.6,0.984,0.4,2529
42.231,145.6,1.125,0.4,2530
42.247,145.7,1.377,0.5,2531
42.264,145.6,1.263,0.5,2532
42.281,145.6,1.120,0.4,2533
42.297,145.5,0.960,0.4,2534
42.314,145.7,0.845,0.3,2535
42.331,145.5,0.463,0.2,2536
42.347,145.7,0.252,0.1,2537
42.364,145.5,-5.276E-2,-0.0,2538
42.381,145.7,-0.438,-0.2,2539
42.397,145.7,-0.903,-0.4,2540
42.414,145.6,-1.125,-0.4,2541
42.431,145.6,-1.715,-0.7,2542
42.448,145.8,-2.004,-0.8,2543
42.464,145.6,-2.272,-0.9,2544
42.481,145.6,-2.781,-1.1,2545
42.498,145.7,-3.191,-1.3,2546
42.514,145.7,-3.381,-1.3,2547
42.531,145.6,-3.917,-1.5,2548
42.548,145.6,-4.054,-1.6,2549
42.564,145.7,-4.359,-1.7,2550
42.581,145.6,-4.666,-1.8,2551
42.598,145.5,-4.803,-1.9,2552
42.614,145.8,-4.904,-1.9,2553
42.631,145.5,-4.801,-1.9,2554
42.648,145.7,-4.934,-1.9,2555
42.664,145.6,-4.794,-1.9,2556
42.681,145.7,-4.787,-1.9,2557
42.698,145.7,-4.611,-1.8,2558
42.715,145.7,-4.506,-1.8,2559
42.731,145.7,-4.515,-1.8,2560
42.748,145.6,-4.255,-1.7,2561
42.765,145.7,-3.926,-1.5,2562
42.781,145.7,-3.741,-1.5,2563
42.798,145.7,-3.451,-1.4,2564
42.815,145.7,-2.960,-1.2,2565
42.831,145.9,-2.632,-1.0,2566
42.848,145.6,-2.385,-0.9,2567
42.865,145.9,-1.985,-0.8,2568
42.881,145.7,-1.664,-0.7,2569
42.898,145.6,-1.360,-0.5,2570
42.915,145.7,-1.019,-0.4,2571
42.932,145.7,-0.960,-0.4,2572
42.948,145.7,-0.661,-0.3,2573
42.965,145.8,-0.366,-0.1,2574
42.982,145.6,-0.480,-0.2,2575
42.998,145.8,-0.255,-0.1,2576
