,mass A,,,,
t,x,y,θ,frame,
0.000,154.1,-158.2,-45.7,0
0.017,142.2,-168.4,-49.8,1
0.033,134.2,-181.5,-53.5,2
0.050,124.2,-186.4,-56.3,3
0.067,117.2,-190.0,-58.3,4
0.083,114.7,-193.1,-59.3,5
0.100,113.0,-193.9,-59.8,6
0.117,113.8,-192.5,-59.4,7
0.134,118.4,-189.4,-58.0,8
0.150,124.4,-184.4,-56.0,9
0.167,132.9,-177.7,-53.2,10
0.184,142.8,-168.7,-49.8,11
0.200,154.1,-157.3,-45.6,12
0.217,165.5,-143.2,-40.9,13
0.234,177.7,-126.7,-35.5,14
0.250,187.8,-106.2,-29.5,15
0.267,196.3,-84.68,-23.3,16
0.284,209.8,-63.95,-16.9,17
0.300,215.2,-39.77,-10.5,18
0.317,214.8,-14.09,-3.8,19
0.334,215.8,10.98,2.9,20
0.351,212.0,36.92,9.9,21
0.367,205.3,61.24,16.6,22
0.384,196.6,84.05,23.1,23
0.401,186.3,104.4,29.3,24
0.417,174.2,122.1,35.0,25
0.434,162.1,136.7,40.1,26
0.451,150.0,148.9,44.8,27
0.467,139.2,158.5,48.7,28
0.484,129.7,165.9,52.0,29
0.501,121.9,170.9,54.5,30
0.517,116.2,174.4,56.3,31
0.534,112.8,175.7,57.3,32
0.551,112.5,176.6,57.5,33
0.568,113.6,174.7,57.0,34
0.584,117.6,171.7,55.6,35
0.601,123.3,168.0,53.7,36
0.618,131.3,162.4,51.0,37
0.634,141.1,154.6,47.6,38
0.651,152.0,145.2,43.7,39
0.668,164.1,132.8,39.0,40
0.684,176.1,118.1,33.8,41
0.701,187.7,100.9,28.3,42
0.718,197.9,80.73,22.2,43
0.734,205.9,58.23,15.8,44
0.751,211.8,33.79,9.1,45
0.768,214.8,8.020,2.1,46
0.785,214.7,-17.20,-4.6,47
0.801,211.9,-42.43,-11.3,48
0.818,205.6,-66.40,-17.9,49
0.835,197.5,-87.95,-24.0,50
0.851,187.0,-106.5,-29.7,51
0.868,176.8,-123.7,-35.0,52
0.885,165.4,-138.0,-39.8,53
0.901,154.1,-150.4,-44.3,54
0.918,144.6,-160.6,-48.0,55
0.935,135.4,-168.0,-51.1,56
0.951,128.6,-173.0,-53.4,57
0.968,123.5,-175.7,-54.9,58
0.985,120.7,-177.4,-55.8,59
1.002,119.9,-176.6,-55.8,60
1.018,122.5,-175.6,-55.1,61
1.035,126.7,-172.4,-53.7,62
1.052,133.5,-166.5,-51.3,63
1.068,141.4,-159.6,-48.5,64
1.085,151.7,-150.8,-44.8,65
1.102,162.4,-139.3,-40.6,66
1.118,174.6,-126.4,-35.9,67
1.135,186.6,-110.7,-30.7,68
1.152,193.7,-89.71,-24.8,69
1.168,202.9,-69.19,-18.8,70
1.185,210.1,-47.60,-12.8,71
1.202,216.5,-24.86,-6.6,72
1.218,219.5,-1.329,-0.3,73
1.235,221.8,24.11,6.2,74
1.252,210.5,47.10,12.6,75
1.269,203.5,69.72,18.9,76
1.285,194.2,91.03,25.1,77
1.302,183.7,109.1,30.7,78
1.319,173.3,125.2,35.8,79
1.335,161.8,138.5,40.6,80
1.352,151.3,149.2,44.6,81
1.369,141.7,157.5,48.0,82
1.385,133.9,163.3,50.7,83
1.402,127.9,167.2,52.6,84
1.419,124.0,170.4,54.0,85
1.435,121.6,170.4,54.5,86
1.452,122.3,170.1,54.3,87
1.469,125.0,168.2,53.4,88
1.486,129.8,164.6,51.7,89
1.502,136.6,159.7,49.5,90
1.519,144.8,152.5,46.5,91
1.536,154.5,143.5,42.9,92
1.552,165.1,131.9,38.6,93
1.569,176.4,117.8,33.7,94
1.586,187.0,101.9,28.6,95
1.602,196.5,83.02,22.9,96
1.619,204.8,62.19,16.9,97
1.636,210.6,39.33,10.6,98
1.652,213.9,15.29,4.1,99
1.669,215.0,-8.876,-2.4,100
1.686,213.0,-33.37,-8.9,101
1.703,208.1,-56.14,-15.1,102
1.719,201.0,-78.15,-21.2,103
1.736,192.2,-97.68,-26.9,104
1.753,182.6,-114.7,-32.1,105
1.769,172.1,-128.9,-36.8,106
1.786,162.0,-141.3,-41.1,107
1.803,152.5,-151.8,-44.9,108
1.819,143.4,-159.4,-48.0,109
1.836,136.5,-164.7,-50.3,110
1.853,132.4,-169.2,-52.0,111
1.869,129.4,-171.4,-52.9,112
1.886,128.5,-171.4,-53.1,113
1.903,129.8,-169.4,-52.5,114
1.920,132.8,-166.5,-51.4,115
1.936,139.6,-162.1,-49.3,116
1.953,146.4,-155.5,-46.7,117
1.970,155.3,-146.6,-43.4,118
1.986,165.2,-136.4,-39.6,119
2.003,177.2,-123.8,-34.9,120
2.020,188.6,-108.9,-30.0,121
2.036,194.7,-88.70,-24.5,122
2.053,201.8,-68.75,-18.8,123
2.070,208.7,-48.43,-13.1,124
2.086,213.1,-26.75,-7.2,125
2.103,214.7,-4.874,-1.3,126
2.120,213.6,17.00,4.6,127
2.137,211.0,40.39,10.8,128
2.153,205.1,62.07,16.8,129
2.170,197.7,82.48,22.6,130
2.187,188.4,100.8,28.1,131
2.203,178.5,116.8,33.2,132
2.220,168.1,129.9,37.7,133
2.237,158.7,140.9,41.6,134
2.253,149.9,150.0,45.0,135
2.270,142.5,157.0,47.8,136
2.287,136.4,161.5,49.8,137
2.303,132.1,163.6,51.1,138
2.320,130.5,164.8,51.6,139
2.337,131.0,165.0,51.5,140
2.354,132.9,162.5,50.7,141
2.370,137.2,159.0,49.2,142
2.387,143.2,153.9,47.1,143
2.404,151.2,146.6,44.1,144
2.420,159.8,136.9,40.6,145
2.437,169.6,126.1,36.6,146
2.454,179.8,112.3,32.0,147
2.470,189.3,96.35,27.0,148
2.487,198.1,78.23,21.5,149
2.504,205.4,57.90,15.7,150
2.520,211.1,36.11,9.7,151
2.537,214.2,13.22,3.5,152
2.554,214.6,-10.15,-2.7,153
2.571,212.7,-32.92,-8.8,154
2.587,208.3,-55.29,-14.9,155
2.604,202.1,-75.89,-20.6,156
2.621,194.3,-95.02,-26.1,157
2.637,185.1,-110.7,-30.9,158
2.654,175.4,-124.4,-35.4,159
2.671,165.8,-136.1,-39.4,160
2.687,157.0,-145.8,-42.9,161
2.704,149.3,-153.5,-45.8,162
2.721,142.8,-159.1,-48.1,163
2.737,138.4,-162.6,-49.6,164
2.754,135.5,-164.6,-50.5,165
2.771,135.7,-165.1,-50.6,166
2.788,136.8,-163.2,-50.0,167
2.804,140.4,-160.4,-48.8,168
2.821,145.3,-155.6,-47.0,169
2.838,152.7,-149.1,-44.3,170
2.854,160.7,-140.2,-41.1,171
2.871,169.9,-129.9,-37.4,172
2.888,178.1,-116.0,-33.1,173
2.904,187.4,-100.3,-28.2,174
2.921,196.2,-82.61,-22.8,175
2.938,202.9,-63.15,-17.3,176
2.954,208.2,-44.15,-12.0,177
2.971,212.0,-23.27,-6.3,178
2.988,213.1,-2.783,-0.7,179
3.005,212.5,18.06,4.9,180
3.021,209.4,39.60,10.7,181
3.038,204.2,60.21,16.4,182
3.055,197.3,79.68,22.0,183
3.071,189.2,97.16,27.2,184
3.088,179.9,112.1,31.9,185
3.105,170.9,125.4,36.3,186
3.121,161.8,136.2,40.1,187
3.138,154.2,144.6,43.2,188
3.155,147.0,150.3,45.6,189
3.171,142.7,155.9,47.5,190
3.188,139.0,158.3,48.7,191
3.205,138.1,159.9,49.2,192
3.222,138.5,158.5,48.8,193
3.238,140.7,156.4,48.0,194
3.255,145.4,152.5,46.4,195
3.272,150.5,146.0,44.1,196
3.288,158.2,138.8,41.3,197
3.305,166.8,129.4,37.8,198
3.322,175.4,117.7,33.9,199
3.338,184.3,103.9,29.4,200
3.355,193.0,87.64,24.4,201
3.372,201.0,69.82,19.2,202
3.388,207.3,49.81,13.5,203
3.405,211.6,28.86,7.8,204
3.422,213.9,6.735,1.8,205
3.439,213.7,-15.75,-4.2,206
3.455,211.1,-37.31,-10.0,207
3.472,207.2,-57.69,-15.6,208
3.489,200.3,-77.36,-21.1,209
3.505,193.2,-93.75,-25.9,210
3.522,184.5,-108.8,-30.5,211
3.539,176.2,-122.0,-34.7,212
3.555,168.2,-133.4,-38.4,213
3.572,160.4,-143.0,-41.7,214
3.589,153.2,-150.3,-44.4,215
3.605,148.1,-155.4,-46.4,216
3.622,144.7,-158.8,-47.7,217
3.639,143.1,-160.4,-48.3,218
3.655,142.4,-160.4,-48.4,219
3.672,144.5,-158.2,-47.6,220
3.689,148.3,-154.4,-46.1,221
3.706,153.9,-149.5,-44.2,222
3.722,161.3,-142.2,-41.4,223
3.739,168.4,-132.5,-38.2,224
3.756,176.1,-120.5,-34.4,225
3.772,184.8,-106.4,-29.9,226
3.789,192.2,-89.74,-25.0,227
3.806,199.7,-72.20,-19.9,228
3.822,205.0,-53.74,-14.7,229
3.839,210.1,-34.44,-9.3,230
3.856,212.2,-13.55,-3.7,231
3.872,213.0,6.799,1.8,232
3.889,211.6,26.65,7.2,233
3.906,207.8,46.56,12.6,234
3.923,202.3,65.84,18.0,235
3.939,195.7,83.86,23.2,236
3.956,187.6,99.79,28.0,237
3.973,178.7,113.4,32.4,238
3.989,170.9,125.5,36.3,239
4.006,163.2,134.7,39.5,240
4.023,156.4,143.2,42.5,241
4.039,150.6,148.2,44.5,242
4.056,147.0,152.5,46.1,243
4.073,144.4,154.3,46.9,244
4.089,144.4,155.0,47.0,245
4.106,145.4,153.3,46.5,246
4.123,148.3,149.7,45.3,247
4.140,152.8,145.2,43.5,248
4.156,158.8,138.7,41.1,249
4.173,166.4,130.7,38.2,250
4.190,174.1,120.1,34.6,251
4.206,183.0,107.9,30.5,252
4.223,190.9,93.59,26.1,253
4.240,198.6,77.12,21.2,254
4.256,205.2,58.89,16.0,255
4.273,210.0,38.90,10.5,256
4.290,213.3,18.20,4.9,257
4.306,214.7,-3.213,-0.9,258
4.323,213.4,-24.43,-6.5,259
4.340,210.6,-44.53,-11.9,260
4.357,205.4,-63.97,-17.3,261
4.373,199.0,-80.84,-22.1,262
4.390,191.4,-96.42,-26.7,263
4.407,183.9,-110.7,-31.0,264
4.423,175.9,-123.0,-35.0,265
4.440,169.1,-133.4,-38.3,266
4.457,161.5,-141.3,-41.2,267
4.473,155.9,-147.5,-43.4,268
4.490,151.5,-152.0,-45.1,269
4.507,148.9,-153.8,-45.9,270
4.523,147.8,-154.9,-46.3,271
4.540,149.4,-154.0,-45.9,272
4.557,152.0,-151.5,-44.9,273
4.574,156.7,-146.8,-43.1,274
4.590,161.9,-139.9,-40.8,275
4.607,169.9,-131.7,-37.8,276
4.624,177.2,-121.1,-34.4,277
4.640,184.2,-107.2,-30.2,278
4.657,191.9,-92.98,-25.9,279
4.674,199.2,-76.45,-21.0,280
4.690,204.9,-59.03,-16.1,281
4.707,210.1,-40.43,-10.9,282
4.724,213.6,-20.35,-5.4,283
4.740,214.0,-0.287,-0.1,284
4.757,213.4,20.04,5.4,285
4.774,210.5,39.37,10.6,286
4.791,205.8,57.88,15.7,287
4.807,199.7,75.52,20.7,288
4.824,192.3,91.34,25.4,289
4.841,185.3,105.8,29.7,290
4.857,176.7,117.9,33.7,291
4.874,170.1,128.2,37.0,292
4.891,163.3,135.8,39.8,293
4.907,152.5,146.5,43.9,294
4.924,148.0,150.7,45.5,295
4.941,145.1,153.1,46.5,296
4.957,144.7,154.0,46.8,297
4.974,145.3,152.7,46.4,298
4.991,147.3,150.9,45.7,299
5.008,151.9,146.9,44.0,300
5.024,157.2,141.7,42.0,301
5.041,163.8,133.4,39.2,302
5.058,171.0,124.8,36.1,303
5.074,179.0,112.7,32.2,304
5.091,187.4,98.28,27.7,305
5.108,195.4,82.75,22.9,306
5.124,202.3,64.07,17.6,307
5.141,207.9,43.65,11.9,308
5.158,211.9,23.32,6.3,309
5.174,212.9,2.438,0.7,310
5.191,213.0,-17.51,-4.7,311
5.208,210.0,-37.57,-10.1,312
5.225,206.6,-55.95,-15.2,313
5.241,200.9,-73.49,-20.1,314
5.258,194.0,-88.77,-24.6,315
5.275,187.0,-103.5,-29.0,316
5.291,179.8,-115.8,-32.8,317
5.308,172.1,-126.4,-36.3,318
5.325,166.3,-135.3,-39.1,319
5.341,160.4,-142.2,-41.6,320
5.358,156.1,-145.8,-43.0,321
5.375,153.3,-149.4,-44.3,322
5.391,152.7,-150.0,-44.5,323
5.408,153.4,-150.0,-44.4,324
5.425,156.0,-147.4,-43.4,325
5.442,159.1,-143.7,-42.1,326
5.458,165.1,-136.8,-39.6,327
5.475,170.8,-129.3,-37.1,328
5.492,179.0,-119.1,-33.6,329
5.508,185.3,-107.0,-30.0,330
5.525,193.0,-93.05,-25.7,331
5.542,198.9,-77.63,-21.3,332
5.558,205.5,-60.32,-16.4,333
5.575,209.5,-42.42,-11.4,334
5.592,213.1,-23.17,-6.2,335
5.608,213.8,-4.438,-1.2,336
5.625,213.7,15.78,4.2,337
5.642,211.3,34.75,9.3,338
5.659,207.4,53.60,14.5,339
5.675,201.2,70.32,19.3,340
5.692,195.3,86.09,23.8,341
5.709,188.4,100.1,28.0,342
5.725,189.1,117.5,31.9,343
5.742,180.1,126.6,35.1,344
5.759,168.9,130.8,37.7,345
5.775,168.3,141.1,40.0,346
5.792,163.9,145.5,41.6,347
5.809,162.0,149.1,42.6,348
5.825,161.8,151.1,43.0,349
5.842,162.4,149.6,42.7,350
5.859,163.0,145.5,41.7,351
5.875,167.4,142.0,40.3,352
5.892,173.5,136.9,38.3,353
5.909,178.8,128.1,35.6,354
5.926,182.1,115.8,32.5,355
5.942,187.7,103.4,28.9,356
5.959,193.5,89.50,24.8,357
5.976,200.7,74.48,20.4,358
5.992,207.0,58.01,15.7,359
6.009,212.9,40.14,10.7,360
6.026,214.4,21.24,5.7,361
6.042,215.8,1.775,0.5,362
6.059,215.0,-17.73,-4.7,363
6.076,212.1,-36.84,-9.9,364
6.092,208.3,-54.85,-14.8,365
6.109,202.3,-71.58,-19.5,366
6.126,196.5,-86.64,-23.8,367
6.143,189.5,-100.9,-28.0,368
6.159,182.8,-113.2,-31.8,369
6.176,176.2,-123.7,-35.1,370
6.193,170.1,-132.4,-37.9,371
6.209,164.8,-138.9,-40.1,372
6.226,160.8,-143.5,-41.7,373
6.243,158.7,-146.4,-42.7,374
6.259,157.6,-146.9,-43.0,375
6.276,158.3,-146.8,-42.8,376
6.293,160.9,-144.2,-41.9,377
6.309,164.6,-139.8,-40.3,378
6.326,169.8,-133.8,-38.2,379
6.343,175.6,-125.5,-35.5,380
6.360,182.3,-115.9,-32.5,381
6.376,189.8,-104.8,-28.9,382
6.393,196.8,-90.82,-24.8,383
6.410,204.1,-75.80,-20.4,384
6.426,209.6,-58.81,-15.7,385
6.443,214.4,-41.14,-10.9,386
6.460,217.5,-22.02,-5.8,387
6.476,218.6,-2.956,-0.8,388
6.493,219.4,16.45,4.3,389
6.510,215.7,35.38,9.3,390
6.526,212.0,53.56,14.2,391
6.543,207.5,70.91,18.9,392
6.560,202.1,86.96,23.3,393
6.577,196.1,100.8,27.2,394
6.593,190.0,113.1,30.8,395
6.610,182.2,121.9,33.8,396
6.627,177.2,130.6,36.4,397
6.643,171.2,135.7,38.4,398
6.660,168.5,140.9,39.9,399
6.677,165.3,143.2,40.9,400
6.693,165.6,144.7,41.2,401
6.710,164.0,141.0,40.7,402
6.727,168.9,141.3,39.9,403
6.743,173.4,137.7,38.5,404
6.760,177.8,130.8,36.3,405
6.777,185.2,123.5,33.7,406
6.794,192.3,115.0,30.9,407
6.810,199.9,103.7,27.4,408
6.827,195.9,83.59,23.1,409
6.844,213.3,73.46,19.0,410
6.860,218.9,56.06,14.4,411
6.877,223.5,38.12,9.7,412
6.894,226.2,18.95,4.8,413
6.910,226.7,-0.762,-0.2,414
6.927,226.2,-20.29,-5.1,415
6.944,212.5,-38.80,-10.3,416
6.960,208.5,-56.10,-15.1,417
6.977,203.0,-71.90,-19.5,418
6.994,196.6,-86.38,-23.7,419
7.011,190.8,-99.92,-27.6,420
7.027,184.2,-111.3,-31.1,421
7.044,178.4,-121.4,-34.2,422
7.061,172.8,-129.1,-36.8,423
7.077,168.2,-135.2,-38.8,424
7.094,164.7,-139.1,-40.2,425
7.111,162.7,-141.5,-41.0,426
7.127,162.6,-142.3,-41.2,427
7.144,163.4,-140.9,-40.8,428
7.161,166.0,-138.4,-39.8,429
7.177,170.1,-133.4,-38.1,430
7.194,175.4,-127.1,-35.9,431
7.211,180.4,-119.0,-33.4,432
7.228,187.2,-109.2,-30.3,433
7.244,193.9,-97.34,-26.7,434
7.261,200.4,-83.71,-22.7,435
7.278,206.2,-68.56,-18.4,436
7.294,211.0,-52.28,-13.9,437
7.311,215.1,-34.50,-9.1,438
7.328,216.9,-15.97,-4.2,439
7.344,218.4,2.528,0.7,440
7.361,218.2,20.90,5.5,441
7.378,216.8,39.07,10.2,442
7.394,212.8,56.88,15.0,443
7.411,205.7,72.17,19.3,444
7.428,201.7,88.71,23.7,445
7.445,195.4,100.8,27.3,446
7.461,189.1,111.7,30.6,447
7.478,180.4,121.9,34.1,448
7.495,174.2,130.1,36.8,449
7.511,170.2,135.6,38.5,450
7.528,167.0,139.6,39.9,451
7.545,164.7,141.2,40.6,452
7.561,164.8,141.8,40.7,453
7.578,165.7,140.5,40.3,454
7.595,169.0,137.5,39.1,455
7.611,172.5,132.6,37.5,456
7.628,177.6,125.8,35.3,457
7.645,183.7,117.1,32.5,458
7.662,189.8,106.8,29.4,459
7.678,192.6,94.09,26.0,460
7.695,199.3,80.48,22.0,461
7.712,205.2,64.54,17.5,462
7.728,210.4,48.12,12.9,463
7.745,213.0,30.28,8.1,464
7.762,215.1,12.38,3.3,465
7.778,215.1,-5.917,-1.6,466
7.795,213.8,-24.28,-6.5,467
7.812,210.6,-41.63,-11.2,468
7.828,207.0,-58.07,-15.7,469
7.845,201.5,-73.36,-20.0,470
7.862,196.3,-87.02,-23.9,471
7.879,190.5,-99.26,-27.5,472
7.895,184.6,-110.1,-30.8,473
7.912,179.4,-118.7,-33.5,474
7.929,174.4,-125.8,-35.8,475
7.945,170.8,-130.9,-37.5,476
7.962,168.1,-134.3,-38.6,477
7.979,166.7,-135.9,-39.2,478
7.995,167.1,-136.1,-39.2,479
8.012,168.5,-134.1,-38.5,480
8.029,171.3,-131.2,-37.5,481
8.045,175.3,-125.6,-35.6,482
8.062,179.9,-118.6,-33.4,483
8.079,185.5,-110.2,-30.7,484
8.095,191.1,-99.58,-27.5,485
8.112,197.5,-87.63,-23.9,486
8.129,204.0,-74.69,-20.1,487
8.146,208.1,-59.16,-15.9,488
8.162,213.7,-43.18,-11.4,489
8.179,216.7,-25.77,-6.8,490
8.196,218.6,-7.837,-2.1,491
8.212,218.6,10.09,2.6,492
8.229,217.4,27.53,7.2,493
8.246,215.6,44.85,11.8,494
8.262,210.4,60.61,16.1,495
8.279,204.6,77.62,20.8,496
8.296,200.6,92.10,24.7,497
8.312,193.9,103.2,28.0,498
8.329,187.4,113.0,31.1,499
8.346,181.4,121.8,33.9,500
8.363,172.0,126.6,36.4,501
8.379,168.6,131.6,38.0,502
8.396,165.5,134.4,39.1,503
8.413,164.7,135.8,39.5,504
8.429,164.6,135.4,39.4,505
8.446,166.3,133.2,38.7,506
8.463,168.5,129.8,37.6,507
8.479,172.9,124.5,35.8,508
8.496,177.2,117.4,33.5,509
8.513,183.3,108.8,30.7,510
8.529,188.4,98.09,27.5,511
8.546,195.1,85.57,23.7,512
8.563,200.9,71.03,19.5,513
8.580,206.2,55.29,15.0,514
8.596,209.8,38.71,10.5,515
8.613,212.9,21.10,5.7,516
8.630,213.6,3.316,0.9,517
8.646,213.7,-13.80,-3.7,518
8.663,211.7,-31.45,-8.5,519
8.680,209.1,-47.39,-12.8,520
8.696,205.2,-63.00,-17.1,521
8.713,200.4,-76.82,-21.0,522
8.730,195.1,-89.69,-24.7,523
8.746,190.0,-100.5,-27.9,524
8.763,184.6,-110.0,-30.8,525
8.780,180.3,-117.6,-33.1,526
8.797,176.0,-123.3,-35.0,527
8.813,173.4,-127.3,-36.3,528
8.830,171.5,-130.2,-37.2,529
8.847,171.1,-130.5,-37.3,530
8.863,171.6,-130.0,-37.1,531
8.880,173.8,-127.3,-36.2,532
8.897,176.6,-123.3,-34.9,533
8.913,181.3,-117.6,-33.0,534
8.930,186.0,-109.7,-30.5,535
8.947,191.7,-101.1,-27.8,536
8.963,196.7,-89.32,-24.4,537
8.980,204.4,-78.06,-20.9,538
8.997,208.6,-64.13,-17.1,539
9.014,212.4,-48.48,-12.9,540
9.030,216.1,-32.62,-8.6,541
9.047,218.8,-15.65,-4.1,542
9.064,220.3,1.722,0.4,543
9.080,219.0,18.38,4.8,544
9.097,217.1,35.30,9.2,545
9.114,213.4,51.00,13.4,546
9.130,209.3,66.62,17.7,547
9.147,202.7,81.48,21.9,548
9.164,198.5,93.65,25.3,549
9.180,191.9,104.1,28.5,550
9.197,188.0,113.9,31.2,551
9.214,181.8,120.5,33.5,552
9.231,178.1,125.6,35.2,553
9.247,174.9,129.4,36.5,554
9.264,173.5,131.1,37.1,555
9.281,173.3,131.3,37.1,556
9.297,174.2,130.0,36.7,557
9.314,176.3,126.5,35.7,558
9.331,180.1,122.0,34.1,559
9.347,184.4,115.3,32.0,560
9.364,189.9,107.4,29.5,561
9.381,191.6,96.31,26.7,562
9.397,196.7,84.77,23.3,563
9.414,201.9,71.73,19.6,564
9.431,206.9,57.04,15.4,565
9.448,210.6,41.41,11.1,566
9.464,213.1,25.23,6.8,567
9.481,214.6,8.621,2.3,568
9.498,214.5,-7.776,-2.1,569
9.514,213.5,-24.49,-6.5,570
9.531,211.1,-40.59,-10.9,571
9.548,207.5,-55.44,-15.0,572
9.564,203.6,-69.11,-18.8,573
9.581,198.4,-81.92,-22.4,574
9.598,193.8,-93.04,-25.6,575
9.614,188.6,-102.8,-28.6,576
9.631,184.2,-110.7,-31.0,577
9.648,180.2,-117.2,-33.0,578
9.665,177.7,-121.9,-34.4,579
9.681,175.6,-124.5,-35.3,580
9.698,174.5,-125.9,-35.8,581
9.715,174.9,-125.9,-35.7,582
9.731,176.3,-123.3,-35.0,583
9.748,178.7,-120.2,-33.9,584
9.765,182.4,-114.4,-32.1,585
9.781,186.3,-108.2,-30.2,586
9.798,191.5,-99.57,-27.5,587
9.815,196.6,-89.41,-24.5,588
9.831,201.3,-77.60,-21.1,589
9.848,206.8,-65.01,-17.4,590
9.865,212.0,-51.02,-13.5,591
9.882,214.9,-35.82,-9.5,592
9.898,217.8,-19.63,-5.1,593
9.915,219.6,-3.366,-0.9,594
9.932,219.1,13.03,3.4,595
9.948,217.6,29.27,7.7,596
9.965,214.8,44.57,11.7,597
9.982,210.7,60.30,16.0,598
9.998,205.8,74.50,19.9,599
10.015,201.0,87.36,23.5,600
10.032,195.7,97.53,26.5,601
10.048,191.1,106.6,29.2,602
10.065,186.1,113.8,31.5,603
10.082,181.9,119.5,33.3,604
10.099,179.7,123.6,34.5,605
10.115,177.8,125.7,35.2,606
10.132,177.3,126.2,35.4,607
10.149,178.1,125.4,35.2,608
10.165,179.6,122.6,34.3,609
10.182,182.6,118.0,32.9,610
10.199,186.4,112.6,31.1,611
10.215,190.8,104.8,28.8,612
10.232,192.7,95.10,26.3,613
10.249,196.9,84.04,23.1,614
10.265,202.6,71.65,19.5,615
10.282,206.9,58.11,15.7,616
10.299,210.4,43.26,11.6,617
10.316,213.3,27.96,7.5,618
10.332,214.9,12.21,3.3,619
10.349,214.9,-3.824,-1.0,620
10.366,214.0,-19.34,-5.2,621
10.382,211.6,-35.28,-9.5,622
10.399,208.9,-49.48,-13.3,623
10.416,205.1,-63.22,-17.1,624
10.432,201.0,-75.61,-20.6,625
10.449,196.6,-86.78,-23.8,626
10.466,192.4,-96.62,-26.7,627
10.482,187.8,-104.6,-29.1,628
10.499,184.2,-110.8,-31.0,629
10.516,180.9,-115.7,-32.6,630
10.532,179.1,-118.4,-33.5,631
10.549,178.0,-120.3,-34.0,632
10.566,178.2,-120.1,-34.0,633
10.583,179.3,-118.7,-33.5,634
10.599,181.2,-115.6,-32.5,635
10.616,184.4,-110.4,-30.9,636
10.633,188.2,-104.0,-28.9,637
10.649,191.8,-96.24,-26.6,638
10.666,196.8,-86.35,-23.7,639
10.683,201.4,-75.72,-20.6,640
10.699,205.3,-62.62,-17.0,641
10.716,208.7,-49.58,-13.4,642
10.733,211.7,-35.21,-9.4,643
10.749,213.6,-20.28,-5.4,644
10.766,214.0,-4.704,-1.3,645
10.783,214.1,10.98,2.9,646
10.800,212.8,26.71,7.2,647
10.816,209.8,41.41,11.2,648
10.833,205.7,56.56,15.4,649
10.850,201.9,69.27,18.9,650
10.866,196.6,81.59,22.5,651
10.883,191.5,91.67,25.6,652
10.900,185.8,102.4,28.9,653
10.916,181.6,109.7,31.1,654
10.933,178.4,114.8,32.8,655
10.950,175.7,118.4,34.0,656
10.966,173.6,121.8,35.1,657
10.983,173.2,121.9,35.1,658
11.000,173.4,121.7,35.1,659
11.017,175.1,119.1,34.2,660
11.033,177.9,115.2,32.9,661
11.050,181.1,109.6,31.2,662
11.067,184.9,103.4,29.2,663
11.083,189.7,93.67,26.3,664
11.100,195.4,83.54,23.1,665
11.117,199.7,70.84,19.5,666
11.133,204.1,58.27,15.9,667
11.150,207.8,43.85,11.9,668
11.167,210.7,28.86,7.8,669
11.183,212.2,13.29,3.6,670
11.200,212.8,-2.007,-0.5,671
11.217,212.5,-17.33,-4.7,672
11.234,211.1,-31.83,-8.6,673
11.250,208.2,-46.14,-12.5,674
11.267,205.4,-58.73,-16.0,675
11.284,201.5,-70.87,-19.4,676
11.300,197.5,-81.68,-22.5,677
11.317,193.4,-91.46,-25.3,678
11.334,190.0,-99.26,-27.6,679
11.350,186.4,-105.7,-29.6,680
11.367,183.7,-110.2,-31.0,681
11.384,182.1,-113.3,-31.9,682
11.400,181.4,-114.7,-32.3,683
11.417,181.2,-115.0,-32.4,684
11.434,182.5,-113.1,-31.8,685
11.451,183.9,-110.2,-30.9,686
11.467,187.0,-105.2,-29.4,687
11.484,190.3,-99.27,-27.6,688
11.501,193.9,-91.57,-25.3,689
11.517,197.8,-82.91,-22.7,690
11.534,202.2,-72.18,-19.6,691
11.551,205.8,-60.60,-16.4,692
11.567,209.1,-47.72,-12.9,693
11.584,211.6,-34.05,-9.1,694
11.601,213.3,-19.70,-5.3,695
11.617,213.5,-5.114,-1.4,696
11.634,213.6,9.430,2.5,697
11.651,217.6,24.26,6.4,698
11.668,216.3,38.82,10.2,699
11.684,212.6,52.40,13.8,700
11.701,209.3,65.25,17.3,701
11.718,204.8,77.28,20.7,702
11.734,194.9,85.90,23.8,703
11.751,196.6,96.27,26.1,704
11.768,192.4,103.5,28.3,705
11.784,189.5,108.7,29.8,706
11.801,187.6,112.8,31.0,707
11.818,185.5,115.2,31.8,708
11.834,185.6,116.1,32.0,709
11.851,185.6,115.0,31.8,710
11.868,187.7,112.7,31.0,711
11.885,189.8,108.8,29.8,712
11.901,193.2,103.6,28.2,713
11.918,196.7,96.74,26.2,714
11.935,194.9,86.17,23.9,715
11.951,204.1,77.32,20.7,716
11.968,208.0,65.53,17.5,717
11.985,211.3,52.74,14.0,718
12.001,214.9,39.41,10.4,719
12.018,216.4,25.30,6.7,720
12.035,215.7,10.94,2.9,721
12.051,215.9,-3.398,-0.9,722
12.068,214.8,-18.22,-4.8,723
12.085,213.0,-32.14,-8.6,724
12.102,210.5,-45.20,-12.1,725
12.118,207.6,-57.83,-15.6,726
12.135,203.6,-68.75,-18.7,727
12.152,199.9,-79.02,-21.6,728
12.168,196.4,-87.80,-24.1,729
12.185,192.9,-95.51,-26.3,730
12.202,189.9,-101.8,-28.2,731
12.218,187.7,-106.1,-29.5,732
12.235,185.5,-109.3,-30.5,733
12.252,185.3,-110.3,-30.8,734
12.268,185.5,-110.7,-30.8,735
12.285,186.1,-108.8,-30.3,736
12.302,187.9,-105.3,-29.3,737
12.319,190.3,-100.9,-27.9,738
12.335,193.3,-95.05,-26.2,739
12.352,196.9,-87.38,-23.9,740
12.369,201.0,-78.35,-21.3,741
12.385,205.7,-68.66,-18.5,742
12.402,208.6,-57.04,-15.3,743
12.419,212.1,-44.75,-11.9,744
12.435,216.5,-31.81,-8.4,745
12.452,218.1,-17.99,-4.7,746
12.469,218.8,-3.814,-1.0,747
12.485,218.8,10.67,2.8,748
12.502,217.9,24.43,6.4,749
12.519,216.4,38.42,10.1,750
12.536,212.8,50.74,13.4,751
12.552,209.2,63.15,16.8,752
12.569,207.0,75.21,20.0,753
12.586,196.5,83.10,22.9,754
12.602,193.3,91.03,25.2,755
12.619,194.5,99.23,27.0,756
12.636,191.7,104.3,28.5,757
12.652,189.9,108.0,29.6,758
12.669,188.7,109.5,30.1,759
12.686,187.9,109.8,30.3,760
12.702,189.2,109.4,30.0,761
12.719,190.6,107.2,29.4,762
12.736,192.9,102.7,28.0,763
12.752,195.5,97.56,26.5,764
12.769,194.2,88.89,24.6,765
12.786,200.3,81.62,22.2,766
12.803,205.0,71.24,19.2,767
12.819,208.9,60.33,16.1,768
12.836,212.7,48.37,12.8,769
12.853,215.4,35.24,9.3,770
12.869,216.5,21.68,5.7,771
12.886,216.5,7.970,2.1,772
12.903,216.0,-6.005,-1.6,773
12.919,215.1,-19.44,-5.2,774
12.936,212.8,-32.93,-8.8,775
12.953,210.6,-45.19,-12.1,776
12.969,207.6,-57.24,-15.4,777
12.986,204.4,-67.65,-18.3,778
13.003,200.9,-77.14,-21.0,779
13.020,197.4,-85.46,-23.4,780
13.036,194.3,-92.51,-25.5,781
13.053,191.9,-97.88,-27.0,782
13.070,189.7,-101.7,-28.2,783
13.086,188.3,-104.5,-29.0,784
13.103,187.5,-105.7,-29.4,785
13.120,188.0,-105.4,-29.3,786
13.136,188.8,-102.8,-28.6,787
13.153,191.1,-99.93,-27.6,788
13.170,193.0,-95.04,-26.2,789
13.186,196.3,-89.29,-24.5,790
13.203,199.6,-81.77,-22.3,791
13.220,203.1,-73.06,-19.8,792
13.237,206.6,-63.21,-17.0,793
13.253,210.1,-52.04,-13.9,794
13.270,213.5,-40.39,-10.7,795
13.287,214.6,-27.59,-7.3,796
13.303,218.2,-14.29,-3.7,797
13.320,219.6,-0.817,-0.2,798
13.337,219.2,12.79,3.3,799
13.353,218.2,26.10,6.8,800
13.370,215.5,39.10,10.3,801
13.387,213.2,51.53,13.6,802
13.403,209.5,62.91,16.7,803
13.420,206.3,73.75,19.7,804
13.437,197.9,81.59,22.4,805
13.454,194.4,88.37,24.4,806
13.470,191.8,94.10,26.1,807
13.487,189.4,98.38,27.4,808
13.504,187.6,101.1,28.3,809
13.520,186.7,102.6,28.8,810
13.537,186.3,102.7,28.9,811
13.554,186.8,101.3,28.5,812
13.570,188.3,98.74,27.7,813
13.587,190.5,94.98,26.5,814
13.604,193.0,89.42,24.9,815
13.620,196.0,82.64,22.9,816
13.637,199.6,74.44,20.5,817
13.654,203.4,65.23,17.8,818
13.671,206.4,54.33,14.7,819
13.687,209.4,42.91,11.6,820
13.704,211.4,30.28,8.1,821
13.721,213.0,17.91,4.8,822
13.737,213.9,4.493,1.2,823
13.754,213.9,-8.730,-2.3,824
13.771,213.0,-21.66,-5.8,825
13.787,211.4,-33.93,-9.1,826
13.804,209.2,-45.80,-12.3,827
13.821,206.6,-56.52,-15.3,828
13.837,203.9,-66.67,-18.1,829
13.854,200.8,-75.14,-20.5,830
13.871,197.5,-82.84,-22.8,831
13.888,195.1,-89.23,-24.6,832
13.904,193.1,-93.81,-25.9,833
13.921,191.1,-97.53,-27.0,834
13.938,190.2,-99.53,-27.6,835
13.954,189.9,-100.5,-27.9,836
13.971,190.3,-99.47,-27.6,837
13.988,191.7,-97.39,-26.9,838
14.004,193.0,-93.38,-25.8,839
14.021,195.6,-88.62,-24.4,840
14.038,198.2,-82.41,-22.6,841
14.054,201.0,-74.87,-20.4,842
14.071,203.9,-66.17,-18.0,843
14.088,206.9,-56.66,-15.3,844
14.105,209.6,-45.50,-12.2,845
14.121,211.6,-34.08,-9.1,846
14.138,212.9,-22.07,-5.9,847
14.155,213.9,-9.495,-2.5,848
14.171,213.7,3.356,0.9,849
14.188,212.8,16.16,4.3,850
14.205,211.9,28.74,7.7,851
14.221,209.7,41.06,11.1,852
14.238,206.8,51.96,14.1,853
14.255,203.6,62.31,17.0,854
14.271,200.4,71.27,19.6,855
14.288,196.7,79.67,22.1,856
14.305,193.9,85.97,23.9,857
14.322,191.7,90.68,25.3,858
14.338,189.9,95.03,26.6,859
14.355,188.3,96.95,27.2,860
14.372,188.0,98.22,27.6,861
14.388,188.1,97.89,27.5,862
14.405,189.1,96.48,27.0,863
14.422,190.6,93.32,26.1,864
14.438,192.9,89.03,24.8,865
14.455,195.4,83.64,23.2,866
14.472,198.6,76.63,21.1,867
14.488,201.4,68.03,18.7,868
14.505,205.0,59.07,16.1,869
14.522,207.7,48.13,13.0,870
14.539,210.1,37.26,10.1,871
14.555,211.9,25.16,6.8,872
14.572,213.1,13.15,3.5,873
14.589,213.3,0.497,0.1,874
14.605,213.5,-11.82,-3.2,875
14.622,212.5,-23.74,-6.4,876
14.639,210.9,-35.33,-9.5,877
14.655,208.6,-46.22,-12.5,878
14.672,206.3,-56.11,-15.2,879
14.689,203.2,-65.53,-17.9,880
14.705,201.5,-73.67,-20.1,881
14.722,198.8,-80.63,-22.1,882
14.739,196.3,-86.20,-23.7,883
14.756,194.7,-90.47,-24.9,884
14.772,193.1,-93.06,-25.7,885
14.789,192.5,-94.86,-26.2,886
14.806,192.7,-94.89,-26.2,887
14.822,192.9,-93.56,-25.9,888
14.839,194.8,-91.02,-25.0,889
14.856,196.3,-87.21,-23.9,890
14.872,198.3,-81.80,-22.4,891
14.889,201.2,-75.50,-20.6,892
14.906,203.7,-67.59,-18.4,893
14.922,206.2,-59.08,-16.0,894
14.939,208.8,-49.23,-13.3,895
14.956,210.8,-38.83,-10.4,896
14.972,212.7,-27.47,-7.4,897
14.989,213.7,-16.08,-4.3,898
15.006,214.2,-3.636,-1.0,899
15.023,213.6,8.791,2.4,900
15.039,212.9,20.78,5.6,901
15.056,211.1,32.80,8.8,902
15.073,208.8,43.66,11.8,903
15.089,206.6,54.42,14.8,904
15.106,203.4,64.12,17.5,905
15.123,200.3,71.98,19.8,906
15.139,197.8,78.83,21.7,907
15.156,195.2,84.70,23.5,908
15.173,193.0,89.33,24.8,909
15.189,191.4,93.16,26.0,910
15.206,190.4,94.83,26.5,911
15.223,189.2,96.15,26.9,912
15.240,190.0,94.69,26.5,913
15.256,191.0,92.85,25.9,914
15.273,192.9,89.43,24.9,915
15.290,195.3,84.39,23.4,916
15.306,197.2,78.74,21.8,917
15.323,200.2,71.50,19.6,918
15.340,203.3,62.32,17.0,919
15.356,206.2,52.98,14.4,920
15.373,208.2,41.74,11.3,921
15.390,210.7,31.53,8.5,922
15.406,212.2,19.40,5.2,923
15.423,213.0,7.621,2.0,924
15.440,212.9,-4.561,-1.2,925
15.457,213.1,-15.72,-4.2,926
15.473,211.6,-27.26,-7.3,927
15.490,210.0,-38.21,-10.3,928
15.507,208.0,-47.93,-13.0,929
15.523,205.8,-57.35,-15.6,930
15.540,203.4,-65.47,-17.8,931
15.557,201.4,-72.71,-19.8,932
15.573,198.8,-78.39,-21.5,933
15.590,197.5,-83.22,-22.9,934
15.607,195.7,-86.82,-23.9,935
15.623,194.7,-88.87,-24.5,936
15.640,194.3,-89.63,-24.8,937
15.657,194.5,-89.05,-24.6,938
15.674,195.4,-87.12,-24.0,939
15.690,196.7,-84.09,-23.1,940
15.707,198.7,-79.90,-21.9,941
15.724,201.0,-74.36,-20.3,942
15.740,203.0,-67.90,-18.5,943
15.757,205.9,-60.29,-16.3,944
15.774,208.0,-51.58,-13.9,945
15.790,209.9,-42.10,-11.3,946
15.807,211.6,-31.62,-8.5,947
15.824,212.8,-20.78,-5.6,948
15.840,213.5,-9.490,-2.5,949
15.857,213.8,2.082,0.6,950
15.874,213.3,13.43,3.6,951
15.891,212.1,24.99,6.7,952
15.907,210.5,35.71,9.6,953
15.924,208.3,45.65,12.4,954
15.941,206.0,55.20,15.0,955
15.957,202.9,63.87,17.5,956
15.974,200.7,71.27,19.5,957
15.991,198.0,76.86,21.2,958
16.007,196.2,82.12,22.7,959
16.024,194.4,85.93,23.8,960
16.041,193.4,88.48,24.6,961
16.057,192.8,89.49,24.9,962
16.074,192.8,89.24,24.8,963
16.091,193.6,87.61,24.3,964
16.108,194.2,85.59,23.8,965
16.124,196.6,81.01,22.4,966
16.141,198.7,75.93,20.9,967
16.158,201.0,69.44,19.1,968
16.174,203.5,62.16,17.0,969
16.191,206.0,53.49,14.6,970
16.208,208.6,43.95,11.9,971
16.224,210.6,34.24,9.2,972
16.241,211.9,23.31,6.3,973
16.258,212.9,12.15,3.3,974
16.274,213.5,0.985,0.3,975
16.291,213.3,-10.35,-2.8,976
16.308,212.6,-21.18,-5.7,977
16.325,211.6,-31.65,-8.5,978
16.341,209.7,-41.45,-11.2,979
16.358,207.8,-50.78,-13.7,980
16.375,205.6,-59.24,-16.1,981
16.391,203.3,-66.33,-18.1,982
16.408,201.5,-72.01,-19.7,983
16.425,199.6,-77.62,-21.2,984
16.441,198.3,-80.86,-22.2,985
16.458,197.3,-84.01,-23.1,986
16.475,196.8,-85.42,-23.5,987
16.491,196.8,-85.51,-23.5,988
16.508,197.5,-84.10,-23.1,989
16.525,198.3,-81.62,-22.4,990
16.542,200.1,-77.87,-21.3,991
16.558,201.8,-73.44,-20.0,992
16.575,204.1,-67.42,-18.3,993
16.592,205.7,-60.94,-16.5,994
16.608,208.1,-52.18,-14.1,995
16.625,209.8,-43.85,-11.8,996
16.642,211.9,-34.05,-9.1,997
16.658,213.0,-24.05,-6.4,998
16.675,214.0,-13.44,-3.6,999
16.692,214.0,-2.599,-0.7,1000
16.708,213.9,8.058,2.2,1001
16.725,212.9,18.24,4.9,1002
16.742,212.0,29.15,7.8,1003
16.759,209.7,39.07,10.6,1004
16.775,207.7,48.06,13.0,1005
16.792,205.3,56.88,15.5,1006
16.809,203.1,64.36,17.6,1007
16.825,200.6,70.50,19.4,1008
16.842,198.9,75.84,20.9,1009
16.859,197.2,79.37,21.9,1010
16.875,196.0,82.54,22.8,1011
16.892,195.1,83.57,23.2,1012
16.909,195.2,84.07,23.3,1013
16.925,195.2,82.84,23.0,1014
16.942,196.6,80.86,22.4,1015
16.959,197.5,77.08,21.3,1016
16.976,199.3,73.28,20.2,1017
16.992,201.4,66.94,18.4,1018
17.009,203.9,60.51,16.5,1019
17.026,205.9,52.52,14.3,1020
17.042,208.5,43.86,11.9,1021
17.059,210.3,34.53,9.3,1022
17.076,211.9,24.39,6.6,1023
17.092,212.8,14.31,3.8,1024
17.109,213.7,3.733,1.0,1025
17.126,214.0,-6.863,-1.8,1026
17.142,213.2,-16.99,-4.6,1027
17.159,212.2,-27.05,-7.3,1028
17.176,210.9,-36.34,-9.8,1029
17.193,209.3,-45.47,-12.3,1030
17.209,207.5,-53.50,-14.5,1031
17.226,205.5,-60.65,-16.4,1032
17.243,203.8,-66.86,-18.2,1033
17.259,202.3,-71.95,-19.6,1034
17.276,200.6,-75.96,-20.7,1035
17.293,199.5,-78.95,-21.6,1036
17.309,199.3,-80.56,-22.0,1037
17.326,199.0,-81.43,-22.3,1038
17.343,199.6,-80.68,-22.0,1039
17.359,200.3,-78.97,-21.5,1040
17.376,201.5,-75.63,-20.6,1041
17.393,202.7,-71.26,-19.4,1042
17.409,204.5,-65.92,-17.9,1043
17.426,206.1,-59.91,-16.2,1044
17.443,208.4,-52.58,-14.2,1045
17.460,209.9,-44.57,-12.0,1046
17.476,211.7,-35.81,-9.6,1047
17.493,212.9,-26.70,-7.1,1048
17.510,214.0,-16.61,-4.4,1049
17.526,214.1,-6.467,-1.7,1050
17.543,213.8,3.564,1.0,1051
17.560,219.2,13.84,3.6,1052
17.576,218.2,24.09,6.3,1053
17.593,216.4,33.62,8.8,1054
17.610,215.0,43.01,11.3,1055
17.626,212.6,50.95,13.5,1056
17.643,210.5,58.51,15.5,1057
17.660,208.3,64.83,17.3,1058
17.677,206.6,70.34,18.8,1059
17.693,205.0,74.82,20.1,1060
17.710,203.3,77.39,20.8,1061
17.727,198.6,77.55,21.3,1062
17.743,198.6,78.36,21.5,1063
17.760,198.8,77.38,21.3,1064
17.777,199.9,76.09,20.8,1065
17.793,200.5,72.99,20.0,1066
17.810,202.4,69.36,18.9,1067
17.827,203.8,64.38,17.5,1068
17.843,205.8,57.91,15.7,1069
17.860,207.9,51.00,13.8,1070
17.877,209.6,43.15,11.6,1071
17.894,211.3,34.38,9.2,1072
17.910,212.8,25.23,6.8,1073
17.927,213.9,15.73,4.2,1074
17.944,214.1,5.876,1.6,1075
17.960,214.4,-4.035,-1.1,1076
17.977,213.9,-13.71,-3.7,1077
17.994,213.5,-22.89,-6.1,1078
18.010,212.0,-32.14,-8.6,1079
18.027,210.8,-40.52,-10.9,1080
18.044,209.1,-48.45,-13.0,1081
18.060,207.6,-55.37,-14.9,1082
18.077,206.1,-61.45,-16.6,1083
18.094,204.4,-66.65,-18.1,1084
18.111,203.4,-70.90,-19.2,1085
18.127,201.8,-73.82,-20.1,1086
18.144,200.9,-75.83,-20.7,1087
18.161,200.9,-76.30,-20.8,1088
18.177,200.7,-75.96,-20.7,1089
18.194,201.5,-74.49,-20.3,1090
18.211,202.6,-71.88,-19.5,1091
18.227,203.6,-67.90,-18.4,1092
18.244,205.2,-63.42,-17.2,1093
18.261,206.8,-57.62,-15.6,1094
18.277,208.7,-51.07,-13.8,1095
18.294,210.1,-43.58,-11.7,1096
18.311,211.7,-35.31,-9.5,1097
18.328,213.0,-26.55,-7.1,1098
18.344,213.5,-17.40,-4.7,1099
18.361,214.3,-7.806,-2.1,1100
18.378,214.2,1.798,0.5,1101
18.394,214.2,11.75,3.1,1102
18.411,213.0,20.78,5.6,1103
18.428,211.9,29.95,8.0,1104
18.444,210.4,38.52,10.4,1105
18.461,208.6,46.45,12.6,1106
18.478,206.7,53.77,14.6,1107
18.494,205.2,59.60,16.2,1108
18.511,203.4,64.90,17.7,1109
18.528,201.4,68.76,18.8,1110
18.545,200.3,71.72,19.7,1111
18.561,199.5,73.78,20.3,1112
18.578,199.4,74.63,20.5,1113
18.595,199.5,74.36,20.4,1114
18.611,199.9,72.79,20.0,1115
18.628,200.9,70.27,19.3,1116
18.645,202.0,66.77,18.3,1117
18.661,203.7,62.34,17.0,1118
18.678,205.3,56.59,15.4,1119
18.695,207.1,50.52,13.7,1120
18.711,208.7,43.05,11.7,1121
18.728,210.1,35.50,9.6,1122
18.745,211.5,26.63,7.2,1123
18.762,212.6,17.80,4.8,1124
18.778,213.1,8.472,2.3,1125
18.795,213.6,-0.804,-0.2,1126
18.812,213.6,-10.13,-2.7,1127
18.828,213.1,-19.00,-5.1,1128
18.845,211.9,-27.72,-7.5,1129
18.862,210.8,-35.45,-9.5,1130
18.878,209.3,-43.39,-11.7,1131
18.895,208.1,-49.99,-13.5,1132
18.912,206.7,-56.03,-15.2,1133
18.928,205.2,-60.86,-16.5,1134
18.945,204.0,-65.03,-17.7,1135
18.962,203.6,-68.27,-18.5,1136
18.979,202.7,-70.09,-19.1,1137
18.995,202.2,-71.30,-19.4,1138
19.012,202.3,-71.17,-19.4,1139
19.029,203.2,-70.00,-19.0,1140
19.045,203.6,-67.58,-18.4,1141
19.062,204.9,-64.32,-17.4,1142
19.079,205.9,-60.22,-16.3,1143
19.095,207.2,-54.69,-14.8,1144
19.112,208.8,-48.62,-13.1,1145
19.129,210.6,-41.85,-11.2,1146
19.145,211.6,-34.54,-9.3,1147
19.162,213.1,-26.17,-7.0,1148
19.179,213.6,-18.00,-4.8,1149
19.196,214.1,-8.866,-2.4,1150
19.212,214.0,-8.330E-2,-0.0,1151
19.229,214.2,9.040,2.4,1152
19.246,213.2,17.93,4.8,1153
19.262,212.5,26.59,7.1,1154
19.279,210.9,34.85,9.4,1155
19.296,209.5,42.10,11.4,1156
19.312,207.5,48.95,13.3,1157
19.329,205.9,54.86,14.9,1158
19.346,204.2,59.68,16.3,1159
19.362,203.2,64.48,17.6,1160
19.379,202.2,67.00,18.3,1161
19.396,201.4,69.10,18.9,1162
19.413,201.1,69.72,19.1,1163
19.429,201.0,70.02,19.2,1164
19.446,201.1,68.54,18.8,1165
19.463,202.2,66.69,18.3,1166
19.479,203.0,63.13,17.3,1167
19.496,204.6,59.39,16.2,1168
19.513,206.0,54.20,14.7,1169
19.529,207.8,48.48,13.1,1170
19.546,209.2,41.28,11.2,1171
19.563,210.6,34.18,9.2,1172
19.579,211.5,26.08,7.0,1173
19.596,212.9,17.97,4.8,1174
19.613,213.1,9.256,2.5,1175
19.629,213.7,0.964,0.3,1176
19.646,213.4,-8.170,-2.2,1177
19.663,213.1,-16.47,-4.4,1178
19.680,212.1,-24.74,-6.7,1179
19.696,211.4,-32.25,-8.7,1180
19.713,210.0,-39.63,-10.7,1181
19.730,208.9,-45.78,-12.4,1182
19.746,207.3,-51.98,-14.1,1183
19.763,206.6,-56.36,-15.3,1184
19.780,205.2,-60.60,-16.5,1185
19.796,204.4,-63.32,-17.2,1186
19.813,203.8,-65.68,-17.9,1187
19.830,203.6,-66.59,-18.1,1188
19.846,203.5,-66.76,-18.2,1189
19.863,204.1,-65.69,-17.8,1190
19.880,204.5,-63.98,-17.4,1191
19.897,205.5,-60.55,-16.4,1192
19.913,206.1,-57.07,-15.5,1193
19.930,207.7,-52.07,-14.1,1194
19.947,208.7,-46.58,-12.6,1195
19.963,210.4,-40.26,-10.8,1196
19.980,211.2,-33.44,-9.0,1197
19.997,212.4,-25.36,-6.8,1198
20.013,212.7,-18.16,-4.9,1199
20.030,213.4,-9.495,-2.5,1200
20.047,213.6,-1.356,-0.4,1201
20.063,213.8,7.556,2.0,1202
20.080,213.0,15.70,4.2,1203
20.097,212.5,23.89,6.4,1204
20.114,211.0,31.46,8.5,1205
20.130,209.8,38.83,10.5,1206
20.147,208.2,45.02,12.2,1207
20.164,207.0,51.02,13.8,1208
20.180,205.6,55.41,15.1,1209
20.197,204.8,59.55,16.2,1210
20.214,203.5,62.22,17.0,1211
20.230,202.7,64.30,17.6,1212
20.247,202.3,65.17,17.9,1213
20.264,202.6,65.35,17.9,1214
20.280,202.7,64.36,17.6,1215
20.297,203.3,62.17,17.0,1216
20.314,204.5,59.00,16.1,1217
20.331,205.6,55.50,15.1,1218
20.347,206.9,50.57,13.7,1219
20.364,208.2,45.27,12.3,1220
20.381,209.4,38.92,10.5,1221
20.397,210.9,32.13,8.7,1222
20.414,212.1,24.69,6.6,1223
20.431,212.8,17.21,4.6,1224
20.447,213.4,9.029,2.4,1225
20.464,213.8,0.740,0.2,1226
20.481,213.6,-7.450,-2.0,1227
20.497,213.4,-15.13,-4.1,1228
20.514,212.5,-22.93,-6.2,1229
20.531,211.7,-30.03,-8.1,1230
20.548,211.0,-36.84,-9.9,1231
20.564,209.6,-43.11,-11.6,1232
20.581,208.7,-48.26,-13.0,1233
20.598,207.3,-53.02,-14.3,1234
20.614,206.6,-56.59,-15.3,1235
20.631,205.8,-59.62,-16.2,1236
20.648,205.6,-61.43,-16.6,1237
20.664,205.1,-62.52,-17.0,1238
20.681,205.1,-62.39,-16.9,1239
20.698,205.1,-61.86,-16.8,1240
20.714,206.2,-59.48,-16.1,1241
20.731,206.5,-57.20,-15.5,1242
20.748,207.6,-53.12,-14.4,1243
20.765,208.7,-48.88,-13.2,1244
20.781,209.8,-43.60,-11.7,1245
20.798,210.7,-37.76,-10.2,1246
20.815,212.1,-30.99,-8.3,1247
20.831,212.8,-24.17,-6.5,1248
20.848,213.7,-16.50,-4.4,1249
20.865,213.7,-9.348,-2.5,1250
20.881,214.2,-1.013,-0.3,1251
20.898,213.6,6.524,1.7,1252
20.915,213.6,14.81,4.0,1253
20.931,212.8,22.03,5.9,1254
20.948,212.0,29.27,7.9,1255
20.965,210.5,35.97,9.7,1256
20.982,209.5,42.42,11.4,1257
20.998,207.9,47.08,12.8,1258
21.015,207.1,52.06,14.1,1259
21.032,205.8,55.34,15.0,1260
21.048,205.3,58.38,15.9,1261
21.065,204.3,60.11,16.4,1262
21.082,204.3,61.06,16.6,1263
21.098,204.0,60.92,16.6,1264
21.115,204.4,60.50,16.5,1265
21.132,204.9,58.40,15.9,1266
21.148,205.9,56.00,15.2,1267
21.165,206.3,52.00,14.1,1268
21.182,208.0,47.99,13.0,1269
21.199,208.6,42.35,11.5,1270
21.215,210.1,36.80,9.9,1271
21.232,211.0,30.19,8.1,1272
21.249,212.2,23.60,6.3,1273
21.265,212.9,16.31,4.4,1274
21.282,213.2,9.052,2.4,1275
21.299,213.2,1.112,0.3,1276
21.315,213.3,-5.970,-1.6,1277
21.332,213.0,-13.80,-3.7,1278
21.349,212.9,-20.80,-5.6,1279
21.365,211.8,-27.96,-7.5,1280
21.382,210.9,-34.25,-9.2,1281
21.399,210.0,-39.92,-10.8,1282
21.416,209.2,-44.90,-12.1,1283
21.432,208.1,-49.03,-13.3,1284
21.449,207.3,-52.69,-14.3,1285
21.466,206.7,-55.51,-15.0,1286
21.482,206.6,-57.06,-15.4,1287
21.499,205.9,-58.37,-15.8,1288
21.516,205.9,-58.17,-15.8,1289
21.532,206.1,-57.27,-15.5,1290
21.549,207.0,-55.33,-15.0,1291
21.566,207.5,-52.55,-14.2,1292
21.582,208.5,-49.38,-13.3,1293
21.599,209.1,-45.27,-12.2,1294
21.616,210.5,-40.23,-10.8,1295
21.633,211.4,-35.06,-9.4,1296
21.649,212.3,-28.85,-7.7,1297
21.666,213.0,-22.02,-5.9,1298
21.683,213.6,-15.24,-4.1,1299
21.699,213.8,-7.874,-2.1,1300
21.716,213.8,-0.732,-0.2,1301
21.733,213.7,6.371,1.7,1302
21.749,213.3,13.46,3.6,1303
21.766,212.8,20.46,5.5,1304
21.783,212.1,27.21,7.3,1305
21.799,210.8,33.80,9.1,1306
21.816,209.7,39.11,10.6,1307
21.833,208.6,44.31,12.0,1308
21.849,207.6,48.32,13.1,1309
21.866,206.8,51.77,14.1,1310
21.883,206.0,54.11,14.7,1311
21.900,205.6,55.99,15.2,1312
21.916,205.6,56.76,15.4,1313
21.933,205.3,56.74,15.4,1314
21.950,205.7,55.83,15.2,1315
21.966,206.0,54.00,14.7,1316
21.983,206.6,51.46,14.0,1317
22.000,207.8,48.19,13.1,1318
22.016,208.6,43.99,11.9,1319
22.033,209.7,39.25,10.6,1320
22.050,210.7,34.00,9.2,1321
22.066,211.6,27.42,7.4,1322
22.083,212.3,21.27,5.7,1323
22.100,212.9,14.55,3.9,1324
22.117,213.3,7.736,2.1,1325
22.133,213.2,0.708,0.2,1326
22.150,213.1,-6.290,-1.7,1327
22.167,213.0,-13.25,-3.6,1328
22.183,212.5,-19.74,-5.3,1329
22.200,211.4,-25.84,-7.0,1330
22.217,211.0,-31.69,-8.5,1331
22.233,210.1,-37.17,-10.0,1332
22.250,209.3,-41.55,-11.2,1333
22.267,208.6,-45.77,-12.4,1334
22.283,208.3,-48.89,-13.2,1335
22.300,207.5,-51.46,-13.9,1336
22.317,207.5,-52.83,-14.3,1337
22.334,207.0,-53.83,-14.6,1338
22.350,207.1,-53.56,-14.5,1339
22.367,207.1,-52.83,-14.3,1340
22.384,207.8,-50.94,-13.8,1341
22.400,208.2,-48.73,-13.2,1342
22.417,209.1,-45.03,-12.2,1343
22.434,210.1,-41.54,-11.2,1344
22.450,211.0,-36.52,-9.8,1345
22.467,212.0,-31.32,-8.4,1346
22.484,212.9,-25.81,-6.9,1347
22.500,213.2,-19.91,-5.3,1348
22.517,213.7,-13.37,-3.6,1349
22.534,214.2,-6.684,-1.8,1350
22.551,214.1,0.391,0.1,1351
22.567,213.7,6.846,1.8,1352
22.584,213.5,13.72,3.7,1353
22.601,213.2,19.92,5.3,1354
22.617,212.5,26.35,7.1,1355
22.634,211.3,31.64,8.5,1356
22.651,210.5,36.96,10.0,1357
22.667,209.2,41.21,11.1,1358
22.684,208.6,45.00,12.2,1359
22.701,207.6,48.01,13.0,1360
22.717,207.2,50.13,13.6,1361
22.734,206.6,51.60,14.0,1362
22.751,206.6,52.22,14.2,1363
22.768,206.5,51.97,14.1,1364
22.784,206.8,51.34,13.9,1365
22.801,207.1,49.32,13.4,1366
22.818,207.9,47.16,12.8,1367
22.834,208.3,43.32,11.7,1368
22.851,209.4,39.76,10.8,1369
22.868,210.0,35.08,9.5,1370
22.884,211.0,30.02,8.1,1371
22.901,211.7,24.24,6.5,1372
22.918,212.9,18.39,4.9,1373
22.934,213.0,12.22,3.3,1374
22.951,213.4,5.963,1.6,1375
22.968,213.2,-0.469,-0.1,1376
22.985,213.1,-7.092,-1.9,1377
23.001,212.9,-13.25,-3.6,1378
23.018,212.8,-19.37,-5.2,1379
23.035,212.3,-24.79,-6.7,1380
23.051,211.5,-30.03,-8.1,1381
23.068,211.0,-35.07,-9.4,1382
23.085,210.3,-38.94,-10.5,1383
23.101,209.5,-42.66,-11.5,1384
23.118,209.1,-45.52,-12.3,1385
23.135,208.5,-47.69,-12.9,1386
23.151,208.5,-49.03,-13.2,1387
23.168,208.0,-49.53,-13.4,1388
23.185,207.9,-49.39,-13.4,1389
23.202,208.3,-48.48,-13.1,1390
23.218,208.8,-46.42,-12.5,1391
23.235,209.4,-44.17,-11.9,1392
23.252,210.2,-41.13,-11.1,1393
23.268,210.7,-37.19,-10.0,1394
23.285,211.3,-32.97,-8.9,1395
23.302,212.0,-27.90,-7.5,1396
23.318,212.7,-22.54,-6.0,1397
23.335,213.2,-16.86,-4.5,1398
23.352,213.4,-11.05,-3.0,1399
23.368,213.6,-4.955,-1.3,1400
23.385,213.7,1.350,0.4,1401
23.402,213.5,7.689,2.1,1402
23.419,213.3,14.03,3.8,1403
23.435,212.9,19.82,5.3,1404
23.452,212.5,24.88,6.7,1405
23.469,211.3,30.43,8.2,1406
23.485,210.4,34.91,9.4,1407
23.502,209.6,39.07,10.6,1408
23.519,208.9,42.38,11.5,1409
23.535,208.4,44.91,12.2,1410
23.552,207.8,46.60,12.6,1411
23.569,207.4,48.02,13.0,1412
23.585,207.3,48.32,13.1,1413
23.602,207.4,48.24,13.1,1414
23.619,207.7,46.83,12.7,1415
23.636,208.2,45.15,12.2,1416
23.652,208.6,42.66,11.6,1417
23.669,209.3,39.62,10.7,1418
23.686,210.3,35.80,9.7,1419
23.702,211.0,31.85,8.6,1420
23.719,211.6,26.74,7.2,1421
23.736,212.3,21.68,5.8,1422
23.752,212.3,15.92,4.3,1423
23.769,213.1,10.38,2.8,1424
23.786,212.9,4.029,1.1,1425
23.802,213.5,-1.479,-0.4,1426
23.819,213.2,-7.765,-2.1,1427
23.836,213.0,-13.33,-3.6,1428
23.853,212.5,-18.98,-5.1,1429
23.869,212.2,-23.69,-6.4,1430
23.886,211.2,-28.89,-7.8,1431
23.903,210.7,-32.79,-8.8,1432
23.919,209.9,-36.75,-9.9,1433
23.936,209.9,-39.70,-10.7,1434
23.953,209.2,-42.51,-11.5,1435
23.969,209.1,-43.94,-11.9,1436
23.986,208.8,-45.15,-12.2,1437
24.003,208.7,-45.28,-12.2,1438
24.019,208.5,-45.18,-12.2,1439
24.036,209.2,-44.00,-11.9,1440
24.053,209.4,-42.46,-11.5,1441
24.070,209.9,-39.77,-10.7,1442
24.086,210.4,-36.99,-10.0,1443
24.103,211.3,-33.23,-8.9,1444
24.120,211.7,-29.06,-7.8,1445
24.136,212.3,-24.36,-6.5,1446
24.153,212.6,-19.54,-5.3,1447
24.170,213.3,-14.15,-3.8,1448
24.186,213.1,-8.751,-2.4,1449
24.203,213.7,-2.933,-0.8,1450
24.220,213.6,2.616,0.7,1451
24.236,213.7,8.539,2.3,1452
24.253,213.4,13.97,3.7,1453
24.270,212.7,19.20,5.2,1454
24.286,212.4,24.12,6.5,1455
24.303,211.8,28.53,7.7,1456
24.320,211.3,33.00,8.9,1457
24.337,210.4,36.34,9.8,1458
24.353,209.5,39.38,10.6,1459
24.370,209.0,41.77,11.3,1460
24.387,208.6,43.37,11.7,1461
24.403,208.8,44.24,12.0,1462
24.420,208.8,44.44,12.0,1463
24.437,208.7,44.34,12.0,1464
24.453,208.9,43.20,11.7,1465
24.470,209.2,41.17,11.1,1466
24.487,209.6,38.81,10.5,1467
24.503,210.3,35.61,9.6,1468
24.520,210.9,32.27,8.7,1469
24.537,211.3,28.15,7.6,1470
24.554,212.1,23.61,6.4,1471
24.570,212.4,18.45,5.0,1472
24.587,213.0,13.16,3.5,1473
24.604,213.3,7.839,2.1,1474
24.620,213.4,2.556,0.7,1475
24.637,213.4,-2.813,-0.8,1476
24.654,213.3,-8.047,-2.2,1477
24.670,213.2,-13.49,-3.6,1478
24.687,212.7,-18.26,-4.9,1479
24.704,212.3,-23.04,-6.2,1480
24.720,211.7,-27.27,-7.3,1481
24.737,211.2,-31.03,-8.4,1482
24.754,211.0,-34.32,-9.2,1483
24.771,210.3,-37.21,-10.0,1484
24.787,210.0,-39.16,-10.6,1485
24.804,210.0,-40.43,-10.9,1486
24.821,209.5,-41.41,-11.2,1487
24.837,209.6,-41.46,-11.2,1488
24.854,209.6,-40.88,-11.0,1489
24.871,209.8,-39.77,-10.7,1490
24.887,210.4,-37.68,-10.2,1491
24.904,210.6,-35.48,-9.6,1492
24.921,211.2,-32.46,-8.7,1493
24.937,211.9,-29.08,-7.8,1494
24.954,212.1,-25.16,-6.8,1495
24.971,212.7,-21.07,-5.7,1496
24.988,213.0,-16.46,-4.4,1497
25.004,213.2,-11.29,-3.0,1498
25.021,213.2,-6.498,-1.7,1499
25.038,213.3,-1.295,-0.3,1500
25.054,213.5,4.187,1.1,1501
25.071,213.4,9.385,2.5,1502
25.088,212.9,14.60,3.9,1503
25.104,212.7,18.81,5.1,1504
25.121,212.1,23.46,6.3,1505
25.138,211.5,27.31,7.4,1506
25.154,210.9,31.02,8.4,1507
25.171,210.5,34.04,9.2,1508
25.188,209.9,36.29,9.8,1509
25.205,209.7,38.25,10.3,1510
25.221,209.4,39.59,10.7,1511
25.238,209.3,40.26,10.9,1512
25.255,209.3,40.08,10.8,1513
25.271,209.2,39.58,10.7,1514
25.288,209.8,38.44,10.4,1515
25.305,209.9,36.40,9.8,1516
25.321,210.8,33.89,9.1,1517
25.338,210.9,30.84,8.3,1518
25.355,211.5,27.29,7.4,1519
25.371,212.0,23.33,6.3,1520
25.388,212.1,19.41,5.2,1521
25.405,212.7,14.77,4.0,1522
25.422,212.8,9.805,2.6,1523
25.438,213.1,4.926,1.3,1524
25.455,213.2,9.172E-2,0.0,1525
25.472,213.1,-4.687,-1.3,1526
25.488,213.1,-9.516,-2.6,1527
25.505,212.9,-14.37,-3.9,1528
25.522,212.3,-18.82,-5.1,1529
25.538,211.7,-22.58,-6.1,1530
25.555,211.7,-26.52,-7.1,1531
25.572,211.4,-29.71,-8.0,1532
25.588,211.0,-32.52,-8.8,1533
25.605,210.6,-34.62,-9.3,1534
25.622,210.4,-36.30,-9.8,1535
25.639,210.1,-37.29,-10.1,1536
25.655,210.0,-37.82,-10.2,1537
25.672,210.2,-37.66,-10.2,1538
25.689,210.3,-37.09,-10.0,1539
25.705,210.7,-35.75,-9.6,1540
25.722,211.1,-34.00,-9.1,1541
25.739,211.5,-31.69,-8.5,1542
25.755,211.9,-28.74,-7.7,1543
25.772,212.4,-25.40,-6.8,1544
25.789,212.5,-21.83,-5.9,1545
25.805,212.8,-17.65,-4.7,1546
25.822,212.9,-13.27,-3.6,1547
25.839,213.4,-8.550,-2.3,1548
25.856,213.1,-3.925,-1.1,1549
25.872,213.3,0.918,0.2,1550
25.889,213.3,5.462,1.5,1551
25.906,213.0,10.09,2.7,1552
25.922,212.6,14.30,3.8,1553
25.939,212.4,18.55,5.0,1554
25.956,212.1,22.16,6.0,1555
25.972,211.6,25.76,6.9,1556
25.989,210.9,28.51,7.7,1557
26.006,210.7,31.43,8.5,1558
26.022,210.1,33.34,9.0,1559
26.039,209.8,34.59,9.4,1560
26.056,209.7,35.71,9.7,1561
26.073,209.5,35.91,9.7,1562
26.089,209.6,35.83,9.7,1563
26.106,209.9,34.83,9.4,1564
26.123,210.0,33.35,9.0,1565
26.139,210.6,31.41,8.5,1566
26.156,210.6,28.87,7.8,1567
26.173,211.3,25.97,7.0,1568
26.189,211.6,22.81,6.2,1569
26.206,211.8,18.91,5.1,1570
26.223,212.7,15.42,4.1,1571
26.239,212.6,10.92,2.9,1572
26.256,212.9,6.727,1.8,1573
26.273,213.2,2.390,0.6,1574
26.290,213.0,-2.140,-0.6,1575
26.306,213.0,-6.446,-1.7,1576
26.323,213.0,-10.66,-2.9,1577
26.340,212.7,-14.96,-4.0,1578
26.356,212.8,-18.58,-5.0,1579
26.373,212.3,-22.33,-6.0,1580
26.390,212.2,-25.34,-6.8,1581
26.406,211.5,-28.10,-7.6,1582
26.423,211.3,-30.42,-8.2,1583
26.440,211.3,-32.26,-8.7,1584
26.456,210.7,-33.52,-9.0,1585
26.473,210.7,-34.22,-9.2,1586
26.490,210.8,-34.18,-9.2,1587
26.506,210.9,-34.18,-9.2,1588
26.523,211.1,-32.91,-8.9,1589
26.540,211.4,-31.66,-8.5,1590
26.557,211.6,-29.63,-8.0,1591
26.573,211.9,-27.32,-7.3,1592
26.590,212.3,-24.63,-6.6,1593
26.607,212.6,-21.37,-5.7,1594
26.623,213.1,-17.69,-4.7,1595
26.640,213.1,-14.14,-3.8,1596
26.657,213.4,-9.950,-2.7,1597
26.673,213.5,-5.745,-1.5,1598
26.690,213.7,-1.542,-0.4,1599
26.707,213.4,2.633,0.7,1600
26.723,213.8,6.883,1.8,1601
26.740,213.3,10.84,2.9,1602
26.757,213.1,14.72,4.0,1603
26.774,212.6,18.10,4.9,1604
26.790,212.5,21.66,5.8,1605
26.807,212.1,24.35,6.5,1606
26.824,211.8,27.45,7.4,1607
26.840,211.4,28.95,7.8,1608
26.857,211.1,30.84,8.3,1609
26.874,211.0,31.60,8.5,1610
26.890,211.0,32.08,8.6,1611
26.907,211.1,32.14,8.7,1612
26.924,211.2,32.07,8.6,1613
26.940,211.1,30.72,8.3,1614
26.957,211.6,29.24,7.9,1615
26.974,211.6,26.96,7.3,1616
26.991,212.1,24.83,6.7,1617
27.007,212.2,21.91,5.9,1618
27.024,212.5,18.74,5.0,1619
27.041,212.7,14.99,4.0,1620
27.057,213.0,11.45,3.1,1621
27.074,213.1,7.304,2.0,1622
27.091,213.3,3.674,1.0,1623
27.107,213.1,-0.782,-0.2,1624
27.124,213.2,-4.246,-1.1,1625
27.141,213.1,-8.339,-2.2,1626
27.157,212.8,-11.85,-3.2,1627
27.174,212.7,-15.62,-4.2,1628
27.191,212.8,-18.82,-5.1,1629
27.208,212.2,-21.97,-5.9,1630
27.224,212.2,-24.21,-6.5,1631
27.241,211.6,-26.89,-7.2,1632
27.258,211.5,-28.26,-7.6,1633
27.274,211.3,-29.71,-8.0,1634
27.291,211.4,-30.27,-8.2,1635
27.308,211.0,-30.85,-8.3,1636
27.324,211.2,-30.76,-8.3,1637
27.341,211.4,-30.22,-8.1,1638
27.358,211.4,-28.95,-7.8,1639
27.374,211.4,-27.52,-7.4,1640
27.391,211.6,-25.25,-6.8,1641
27.408,211.7,-23.38,-6.3,1642
27.425,212.3,-20.35,-5.5,1643
27.441,212.5,-17.25,-4.6,1644
27.458,212.6,-13.88,-3.7,1645
27.475,212.7,-10.67,-2.9,1646
27.491,213.1,-6.833,-1.8,1647
27.508,212.9,-3.284,-0.9,1648
27.525,213.1,0.223,0.1,1649
27.541,213.1,4.050,1.1,1650
27.558,213.1,8.059,2.2,1651
27.575,212.9,11.44,3.1,1652
27.591,212.7,14.93,4.0,1653
27.608,212.4,17.68,4.8,1654
27.625,212.3,20.58,5.5,1655
27.642,211.7,22.86,6.2,1656
27.658,211.8,25.08,6.8,1657
27.675,211.1,26.49,7.2,1658
27.692,211.3,27.75,7.5,1659
27.708,211.3,28.03,7.6,1660
27.725,211.2,28.37,7.6,1661
27.742,211.1,28.06,7.6,1662
27.758,211.5,27.60,7.4,1663
27.775,211.4,26.21,7.1,1664
27.792,211.8,24.58,6.6,1665
27.808,211.7,22.46,6.1,1666
27.825,212.3,20.25,5.4,1667
27.842,212.4,17.41,4.7,1668
27.859,212.5,14.77,4.0,1669
27.875,212.7,11.43,3.1,1670
27.892,213.0,8.225,2.2,1671
27.909,213.0,4.740,1.3,1672
27.925,213.3,1.459,0.4,1673
27.942,213.1,-2.138,-0.6,1674
27.959,213.2,-5.389,-1.4,1675
27.975,212.9,-8.978,-2.4,1676
27.992,213.1,-12.15,-3.3,1677
28.009,212.6,-15.55,-4.2,1678
28.025,212.7,-17.98,-4.8,1679
28.042,212.4,-20.50,-5.5,1680
28.059,212.2,-22.64,-6.1,1681
28.076,211.9,-24.59,-6.6,1682
28.092,212.0,-25.94,-7.0,1683
28.109,211.7,-26.75,-7.2,1684
28.126,211.9,-26.91,-7.2,1685
28.142,211.9,-27.19,-7.3,1686
28.159,212.0,-26.65,-7.2,1687
28.176,212.1,-25.87,-7.0,1688
28.192,212.5,-24.50,-6.6,1689
28.209,212.6,-22.84,-6.1,1690
28.226,213.0,-20.83,-5.6,1691
28.242,212.9,-18.77,-5.0,1692
28.259,213.1,-15.89,-4.3,1693
28.276,213.3,-13.24,-3.6,1694
28.293,213.4,-9.965,-2.7,1695
28.309,213.7,-6.961,-1.9,1696
28.326,213.8,-3.711,-1.0,1697
28.343,213.8,-2.146E-2,-0.0,1698
28.359,213.5,3.187,0.9,1699
28.376,213.4,6.301,1.7,1700
28.393,213.3,9.787,2.6,1701
28.409,212.7,12.40,3.3,1702
28.426,212.8,15.36,4.1,1703
28.443,212.5,17.66,4.7,1704
28.459,212.5,20.23,5.4,1705
28.476,212.3,21.92,5.9,1706
28.493,212.0,23.42,6.3,1707
28.510,212.0,24.61,6.6,1708
28.526,211.9,25.28,6.8,1709
28.543,211.9,25.25,6.8,1710
28.560,212.0,25.32,6.8,1711
28.576,212.0,24.90,6.7,1712
28.593,212.2,23.84,6.4,1713
28.610,212.4,22.12,5.9,1714
28.626,212.5,20.31,5.5,1715
28.643,212.4,18.48,5.0,1716
28.660,212.5,16.23,4.4,1717
28.676,212.8,13.73,3.7,1718
28.693,213.2,11.01,3.0,1719
28.710,213.0,7.969,2.1,1720
28.727,213.7,5.181,1.4,1721
28.743,213.4,1.974,0.5,1722
28.760,213.4,-1.261,-0.3,1723
28.777,213.2,-4.302,-1.2,1724
28.793,213.0,-7.345,-2.0,1725
28.810,213.2,-9.991,-2.7,1726
28.827,213.0,-12.62,-3.4,1727
28.843,212.8,-15.18,-4.1,1728
28.860,212.8,-17.07,-4.6,1729
28.877,212.6,-19.13,-5.1,1730
28.893,212.6,-20.83,-5.6,1731
28.910,212.7,-22.19,-6.0,1732
28.927,212.5,-23.16,-6.2,1733
28.943,212.3,-23.44,-6.3,1734
28.960,212.3,-23.67,-6.4,1735
28.977,212.3,-23.52,-6.3,1736
28.994,212.4,-22.88,-6.1,1737
29.010,212.3,-21.98,-5.9,1738
29.027,212.5,-20.57,-5.5,1739
29.044,212.2,-18.99,-5.1,1740
29.060,212.5,-16.75,-4.5,1741
29.077,212.7,-14.74,-4.0,1742
29.094,212.6,-12.46,-3.4,1743
29.110,213.0,-9.701,-2.6,1744
29.127,212.9,-6.736,-1.8,1745
29.144,213.1,-4.147,-1.1,1746
29.160,213.3,-1.128,-0.3,1747
29.177,213.2,2.104,0.6,1748
29.194,212.8,4.745,1.3,1749
29.211,213.0,7.817,2.1,1750
29.227,212.8,10.17,2.7,1751
29.244,212.7,13.04,3.5,1752
29.261,212.6,15.04,4.0,1753
29.277,212.7,16.93,4.5,1754
29.294,212.5,18.53,5.0,1755
29.311,212.3,19.99,5.4,1756
29.327,212.3,20.99,5.6,1757
29.344,211.8,21.57,5.8,1758
29.361,211.9,21.74,5.9,1759
29.377,211.9,21.84,5.9,1760
29.394,211.8,21.46,5.8,1761
29.411,212.2,20.96,5.6,1762
29.428,212.3,19.60,5.3,1763
29.444,212.4,17.87,4.8,1764
29.461,212.4,15.95,4.3,1765
29.478,212.5,14.07,3.8,1766
29.494,212.4,11.93,3.2,1767
29.511,212.5,9.811,2.6,1768
29.528,212.4,6.843,1.8,1769
29.544,212.8,4.687,1.3,1770
29.561,212.5,1.720,0.5,1771
29.578,212.8,-0.949,-0.3,1772
29.594,212.9,-3.740,-1.0,1773
29.611,212.8,-6.267,-1.7,1774
29.628,212.7,-8.793,-2.4,1775
29.645,212.6,-10.92,-2.9,1776
29.661,212.4,-13.32,-3.6,1777
29.678,212.5,-14.96,-4.0,1778
29.695,212.2,-16.82,-4.5,1779
29.711,212.1,-18.27,-4.9,1780
29.728,211.8,-19.56,-5.3,1781
29.745,212.1,-20.22,-5.4,1782
29.761,212.0,-20.78,-5.6,1783
29.778,212.2,-20.84,-5.6,1784
29.795,212.2,-20.94,-5.6,1785
29.811,212.2,-20.30,-5.5,1786
29.828,212.2,-19.52,-5.3,1787
29.845,212.3,-18.13,-4.9,1788
29.862,212.6,-16.87,-4.5,1789
29.878,212.6,-15.08,-4.1,1790
29.895,212.9,-13.19,-3.5,1791
29.912,212.9,-10.98,-3.0,1792
29.928,213.0,-8.618,-2.3,1793
29.945,213.1,-6.069,-1.6,1794
29.962,212.8,-4.170,-1.1,1795
29.978,213.3,-1.278,-0.3,1796
29.995,213.0,0.931,0.3,1797
30.012,213.3,3.683,1.0,1798
30.028,212.9,5.940,1.6,1799
30.045,212.8,8.115,2.2,1800
30.062,212.8,10.17,2.7,1801
30.079,212.7,12.26,3.3,1802
30.095,212.5,13.70,3.7,1803
30.112,212.7,15.32,4.1,1804
30.129,212.5,16.55,4.5,1805
30.145,212.4,17.72,4.8,1806
30.162,212.2,17.78,4.8,1807
30.179,212.2,18.00,4.8,1808
30.195,212.3,18.23,4.9,1809
30.212,212.4,17.96,4.8,1810
30.229,212.3,17.23,4.6,1811
30.245,212.4,16.55,4.5,1812
30.262,212.0,14.88,4.0,1813
30.279,212.5,13.71,3.7,1814
30.296,212.3,11.91,3.2,1815
30.312,212.7,10.19,2.7,1816
30.329,212.7,8.013,2.2,1817
30.346,212.8,6.017,1.6,1818
30.362,212.8,3.636,1.0,1819
30.379,213.2,1.363,0.4,1820
30.396,213.0,-0.879,-0.2,1821
30.412,213.1,-2.995,-0.8,1822
30.429,213.2,-5.535,-1.5,1823
30.446,212.9,-7.364,-2.0,1824
30.462,212.7,-9.449,-2.5,1825
30.479,213.1,-11.26,-3.0,1826
30.496,212.8,-13.05,-3.5,1827
30.513,212.9,-14.35,-3.9,1828
30.529,212.5,-15.54,-4.2,1829
30.546,212.5,-16.47,-4.4,1830
30.563,212.4,-17.25,-4.6,1831
30.579,212.5,-17.45,-4.7,1832
30.596,212.2,-17.81,-4.8,1833
30.613,212.3,-17.55,-4.7,1834
30.629,212.3,-17.09,-4.6,1835
30.646,212.3,-16.20,-4.4,1836
30.663,212.2,-15.15,-4.1,1837
30.679,212.3,-13.83,-3.7,1838
30.696,212.5,-12.57,-3.4,1839
30.713,212.7,-10.80,-2.9,1840
30.730,212.8,-9.056,-2.4,1841
30.746,213.0,-7.049,-1.9,1842
30.763,213.0,-5.205,-1.4,1843
30.780,213.0,-2.946,-0.8,1844
30.796,213.3,-0.899,-0.2,1845
30.813,213.0,1.380,0.4,1846
30.830,213.1,3.606,1.0,1847
30.846,213.1,5.485,1.5,1848
30.863,212.7,7.014,1.9,1849
30.880,213.1,8.997,2.4,1850
30.896,212.9,10.57,2.8,1851
30.913,212.7,12.11,3.3,1852
30.930,212.6,12.89,3.5,1853
30.947,212.7,14.14,3.8,1854
30.963,212.7,14.68,3.9,1855
30.980,212.9,15.36,4.1,1856
30.997,212.8,15.43,4.1,1857
31.013,212.8,15.54,4.2,1858
31.030,212.7,15.19,4.1,1859
31.047,213.0,14.53,3.9,1860
31.063,212.8,13.77,3.7,1861
31.080,212.9,12.49,3.4,1862
31.097,213.1,11.23,3.0,1863
31.113,213.1,9.572,2.6,1864
31.130,213.4,8.368,2.2,1865
31.147,213.2,6.590,1.8,1866
31.163,213.2,4.863,1.3,1867
31.180,213.2,2.808,0.8,1868
31.197,213.0,1.056,0.3,1869
31.214,212.9,-1.312,-0.4,1870
31.230,213.2,-2.902,-0.8,1871
31.247,213.0,-5.056,-1.4,1872
31.264,213.0,-6.416,-1.7,1873
31.280,213.1,-8.279,-2.2,1874
31.297,212.8,-9.819,-2.6,1875
31.314,212.6,-11.31,-3.0,1876
31.330,213.0,-12.12,-3.3,1877
31.347,212.8,-13.38,-3.6,1878
31.364,213.1,-13.71,-3.7,1879
31.380,212.9,-14.49,-3.9,1880
31.397,213.2,-14.32,-3.8,1881
31.414,212.9,-14.42,-3.9,1882
31.431,213.1,-14.06,-3.8,1883
31.447,213.1,-13.87,-3.7,1884
31.464,213.1,-12.90,-3.5,1885
31.481,213.0,-12.25,-3.3,1886
31.497,213.2,-11.05,-3.0,1887
31.514,213.0,-9.867,-2.7,1888
31.531,213.1,-7.994,-2.1,1889
31.547,213.1,-7.037,-1.9,1890
31.564,213.4,-5.127,-1.4,1891
31.581,213.2,-3.623,-1.0,1892
31.597,213.3,-1.767,-0.5,1893
31.614,213.1,-8.948E-2,-0.0,1894
31.631,213.1,1.833,0.5,1895
31.648,212.9,3.329,0.9,1896
31.664,213.2,5.259,1.4,1897
31.681,212.7,6.573,1.8,1898
31.698,213.0,8.394,2.3,1899
31.714,212.7,9.161,2.5,1900
31.731,213.0,10.40,2.8,1901
31.748,212.7,11.21,3.0,1902
31.764,213.1,12.00,3.2,1903
31.781,212.7,12.29,3.3,1904
31.798,212.7,12.45,3.3,1905
31.814,212.8,12.52,3.4,1906
31.831,213.0,12.41,3.3,1907
31.848,212.7,11.90,3.2,1908
31.865,212.8,11.76,3.2,1909
31.881,212.9,10.75,2.9,1910
31.898,212.9,9.894,2.7,1911
31.915,212.9,8.615,2.3,1912
31.931,213.3,7.128,1.9,1913
31.948,213.0,5.572,1.5,1914
31.965,213.2,4.565,1.2,1915
31.981,212.7,2.455,0.7,1916
31.998,213.0,1.151,0.3,1917
32.015,212.9,-0.758,-0.2,1918
32.031,213.2,-2.208,-0.6,1919
32.048,213.0,-3.627,-1.0,1920
32.065,213.1,-5.103,-1.4,1921
32.082,212.8,-6.528,-1.8,1922
32.098,213.1,-7.411,-2.0,1923
32.115,212.8,-8.844,-2.4,1924
32.132,213.0,-9.650,-2.6,1925
32.148,212.6,-10.65,-2.9,1926
32.165,212.9,-11.32,-3.0,1927
32.182,212.9,-11.95,-3.2,1928
32.198,212.8,-12.08,-3.2,1929
32.215,213.0,-12.23,-3.3,1930
32.232,213.1,-12.20,-3.3,1931
32.248,213.0,-12.05,-3.2,1932
32.265,213.2,-11.19,-3.0,1933
32.282,213.1,-11.13,-3.0,1934
32.299,213.4,-9.736,-2.6,1935
32.315,212.7,-8.897,-2.4,1936
32.332,213.1,-7.674,-2.1,1937
32.349,213.3,-6.388,-1.7,1938
32.365,213.3,-5.055,-1.4,1939
32.382,213.3,-3.714,-1.0,1940
32.399,213.4,-2.118,-0.6,1941
32.415,213.1,-0.742,-0.2,1942
32.432,213.1,0.664,0.2,1943
32.449,213.0,1.858,0.5,1944
32.465,213.3,3.357,0.9,1945
32.482,213.0,4.403,1.2,1946
32.499,213.0,5.492,1.5,1947
32.516,213.1,6.575,1.8,1948
32.532,212.9,7.720,2.1,1949
32.549,212.9,8.384,2.3,1950
32.566,213.0,9.402,2.5,1951
32.582,212.9,9.477,2.5,1952
32.599,213.0,9.763,2.6,1953
32.616,213.0,9.837,2.6,1954
32.632,212.8,9.733,2.6,1955
32.649,212.8,9.583,2.6,1956
32.666,212.9,9.309,2.5,1957
32.682,212.8,8.658,2.3,1958
32.699,212.9,7.882,2.1,1959
32.716,212.9,6.751,1.8,1960
32.733,213.1,5.965,1.6,1961
32.749,212.7,4.696,1.3,1962
32.766,212.9,3.662,1.0,1963
32.783,212.8,2.382,0.6,1964
32.799,213.0,1.100,0.3,1965
32.816,213.1,-0.322,-0.1,1966
32.833,213.1,-1.374,-0.4,1967
32.849,212.9,-2.715,-0.7,1968
32.866,213.1,-3.969,-1.1,1969
32.883,213.0,-5.094,-1.4,1970
32.899,213.0,-6.035,-1.6,1971
32.916,213.0,-6.828,-1.8,1972
32.933,213.0,-7.795,-2.1,1973
32.950,212.8,-8.540,-2.3,1974
32.966,212.9,-8.984,-2.4,1975
32.983,212.8,-9.738,-2.6,1976
33.000,212.9,-9.726,-2.6,1977
33.016,213.0,-10.000,-2.7,1978
33.033,213.0,-9.739,-2.6,1979
33.050,213.1,-9.656,-2.6,1980
33.066,213.1,-9.222,-2.5,1981
33.083,213.0,-8.508,-2.3,1982
33.100,213.1,-7.884,-2.1,1983
33.116,213.1,-7.201,-1.9,1984
33.133,213.0,-6.078,-1.6,1985
33.150,213.0,-5.446,-1.5,1986
33.167,213.1,-4.226,-1.1,1987
33.183,213.0,-3.312,-0.9,1988
33.200,213.2,-2.283,-0.6,1989
33.217,212.8,-0.945,-0.3,1990
33.233,213.2,0.144,0.0,1991
33.250,212.9,0.992,0.3,1992
33.267,213.2,2.149,0.6,1993
33.283,213.2,2.951,0.8,1994
33.300,213.0,4.167,1.1,1995
33.317,212.9,4.916,1.3,1996
33.333,213.0,5.812,1.6,1997
33.350,213.0,6.404,1.7,1998
33.367,213.0,6.685,1.8,1999
33.383,213.0,7.121,1.9,2000
33.400,212.8,7.241,1.9,2001
33.417,212.9,7.324,2.0,2002
33.434,213.0,7.077,1.9,2003
33.450,213.0,6.833,1.8,2004
33.467,213.1,6.695,1.8,2005
33.484,212.9,6.409,1.7,2006
33.500,213.0,5.509,1.5,2007
33.517,213.3,4.927,1.3,2008
33.534,213.1,3.767,1.0,2009
33.550,212.9,3.180,0.9,2010
33.567,213.1,2.142,0.6,2011
33.584,212.9,1.286,0.3,2012
33.600,212.8,0.426,0.1,2013
33.617,213.0,-0.433,-0.1,2014
33.634,213.0,-1.368,-0.4,2015
33.651,213.1,-2.277,-0.6,2016
33.667,213.2,-3.088,-0.8,2017
33.684,213.0,-3.960,-1.1,2018
33.701,213.0,-4.542,-1.2,2019
33.717,212.9,-5.471,-1.5,2020
33.734,212.9,-5.844,-1.6,2021
33.751,212.8,-6.717,-1.8,2022
33.767,212.9,-7.053,-1.9,2023
33.784,212.7,-7.314,-2.0,2024
33.801,213.1,-7.405,-2.0,2025
33.817,213.0,-7.306,-2.0,2026
33.834,213.1,-7.240,-1.9,2027
33.851,213.0,-7.191,-1.9,2028
33.868,213.1,-6.753,-1.8,2029
33.884,213.1,-6.504,-1.7,2030
33.901,213.4,-5.786,-1.6,2031
33.918,213.1,-5.275,-1.4,2032
33.934,213.3,-4.388,-1.2,2033
33.951,213.2,-3.606,-1.0,2034
33.968,213.0,-2.828,-0.8,2035
33.984,213.2,-1.683,-0.5,2036
34.001,213.0,-1.005,-0.3,2037
34.018,212.9,-0.275,-0.1,2038
34.034,213.1,0.504,0.1,2039
34.051,213.0,1.054,0.3,2040
34.068,213.0,2.263,0.6,2041
34.085,212.8,2.716,0.7,2042
34.101,212.8,3.524,0.9,2043
34.118,213.1,4.170,1.1,2044
34.135,212.9,4.263,1.1,2045
34.151,213.0,4.958,1.3,2046
34.168,213.0,5.263,1.4,2047
34.185,212.9,5.306,1.4,2048
34.201,213.1,5.437,1.5,2049
34.218,212.9,5.316,1.4,2050
34.235,213.0,5.215,1.4,2051
34.251,213.0,5.108,1.4,2052
34.268,212.8,4.884,1.3,2053
34.285,212.9,4.532,1.2,2054
34.302,212.9,3.549,1.0,2055
34.318,213.0,3.240,0.9,2056
34.335,213.0,2.600,0.7,2057
34.352,213.1,1.896,0.5,2058
34.368,213.1,1.163,0.3,2059
34.385,212.9,0.256,0.1,2060
34.402,213.0,-0.562,-0.2,2061
34.418,213.1,-1.099,-0.3,2062
34.435,213.0,-1.993,-0.5,2063
34.452,212.9,-2.406,-0.6,2064
34.468,212.9,-3.364,-0.9,2065
34.485,213.0,-3.830,-1.0,2066
34.502,212.8,-4.309,-1.2,2067
34.519,212.8,-4.745,-1.3,2068
34.535,213.0,-5.301,-1.4,2069
34.552,212.9,-5.333,-1.4,2070
34.569,213.1,-5.750,-1.5,2071
34.585,213.2,-5.594,-1.5,2072
34.602,213.1,-5.732,-1.5,2073
34.619,213.0,-5.639,-1.5,2074
34.635,212.9,-5.407,-1.5,2075
34.652,213.2,-5.081,-1.4,2076
34.669,212.9,-5.007,-1.3,2077
34.685,213.0,-4.234,-1.1,2078
34.702,212.8,-4.218,-1.1,2079
34.719,213.0,-3.314,-0.9,2080
34.736,212.8,-3.229,-0.9,2081
34.752,213.1,-2.253,-0.6,2082
34.769,212.9,-1.777,-0.5,2083
34.786,212.7,-1.157,-0.3,2084
34.802,213.0,-0.482,-0.1,2085
34.819,212.9,0.392,0.1,2086
34.836,212.9,0.762,0.2,2087
34.852,212.9,1.706,0.5,2088
34.869,212.9,1.835,0.5,2089
34.886,213.0,2.511,0.7,2090
34.902,212.9,2.756,0.7,2091
34.919,213.0,3.060,0.8,2092
34.936,213.1,3.313,0.9,2093
34.953,213.1,3.543,1.0,2094
34.969,212.9,3.555,1.0,2095
34.986,213.0,3.736,1.0,2096
35.003,212.7,3.382,0.9,2097
35.019,212.9,3.432,0.9,2098
35.036,212.9,3.032,0.8,2099
35.053,213.2,3.051,0.8,2100
35.069,212.9,2.644,0.7,2101
35.086,213.0,2.168,0.6,2102
35.103,213.0,1.727,0.5,2103
35.119,213.2,1.386,0.4,2104
35.136,213.0,0.438,0.1,2105
35.153,213.2,0.190,0.1,2106
35.170,212.8,-0.508,-0.1,2107
35.186,213.1,-0.556,-0.1,2108
35.203,212.9,-1.530,-0.4,2109
35.220,213.1,-1.790,-0.5,2110
35.236,212.9,-2.393,-0.6,2111
35.253,213.2,-2.764,-0.7,2112
35.270,213.0,-3.159,-0.8,2113
35.286,213.0,-3.210,-0.9,2114
35.303,213.0,-3.802,-1.0,2115
35.320,213.2,-3.754,-1.0,2116
35.336,212.8,-4.066,-1.1,2117
35.353,213.1,-3.970,-1.1,2118
35.370,213.2,-3.874,-1.0,2119
35.387,213.3,-3.810,-1.0,2120
35.403,213.0,-3.750,-1.0,2121
35.420,213.3,-3.495,-0.9,2122
35.437,213.0,-3.440,-0.9,2123
35.453,212.9,-3.231,-0.9,2124
35.470,213.1,-3.022,-0.8,2125
35.487,213.1,-2.311,-0.6,2126
35.503,212.9,-1.758,-0.5,2127
35.520,213.0,-1.644,-0.4,2128
35.537,213.0,-1.207,-0.3,2129
35.553,213.0,-0.416,-0.1,2130
35.570,213.0,-1.586E-3,-0.0,2131
35.587,213.0,0.428,0.1,2132
35.604,213.0,0.902,0.2,2133
35.620,213.0,1.363,0.4,2134
35.637,212.8,1.568,0.4,2135
35.654,212.8,1.970,0.5,2136
35.670,212.9,2.001,0.5,2137
35.687,212.9,2.070,0.6,2138
35.704,212.9,2.533,0.7,2139
35.720,213.0,2.703,0.7,2140
35.737,212.8,2.626,0.7,2141
35.754,213.0,2.615,0.7,2142
35.770,213.0,2.496,0.7,2143
35.787,212.9,2.494,0.7,2144
35.804,213.0,2.382,0.6,2145
35.820,213.0,2.024,0.5,2146
35.837,213.1,1.832,0.5,2147
35.854,213.1,1.238,0.3,2148
35.871,213.0,1.027,0.3,2149
35.887,212.9,0.446,0.1,2150
35.904,212.9,8.920E-2,0.0,2151
35.921,212.9,-0.329,-0.1,2152
35.937,213.1,-0.594,-0.2,2153
35.954,213.0,-1.275,-0.3,2154
35.971,213.0,-1.212,-0.3,2155
35.987,212.9,-1.936,-0.5,2156
36.004,213.0,-1.915,-0.5,2157
36.021,213.0,-2.340,-0.6,2158
36.037,213.0,-2.555,-0.7,2159
36.054,212.9,-2.840,-0.8,2160
36.071,213.0,-2.899,-0.8,2161
36.088,212.9,-3.110,-0.8,2162
36.104,212.9,-3.016,-0.8,2163
36.121,212.9,-3.087,-0.8,2164
36.138,213.3,-2.813,-0.8,2165
36.154,213.1,-2.823,-0.8,2166
36.171,213.2,-2.675,-0.7,2167
36.188,213.1,-2.586,-0.7,2168
36.204,213.0,-2.391,-0.6,2169
36.221,213.0,-2.360,-0.6,2170
36.238,213.4,-1.728,-0.5,2171
36.254,213.2,-1.694,-0.5,2172
36.271,213.3,-1.226,-0.3,2173
36.288,213.0,-1.079,-0.3,2174
36.305,213.1,-0.620,-0.2,2175
36.321,213.1,-0.415,-0.1,2176
36.338,213.0,0.106,0.0,2177
36.355,212.9,0.176,0.0,2178
36.371,213.2,0.467,0.1,2179
36.388,212.8,0.767,0.2,2180
36.405,213.1,1.270,0.3,2181
36.421,212.9,1.256,0.3,2182
36.438,213.1,1.715,0.5,2183
36.455,212.9,1.642,0.4,2184
36.471,212.9,1.727,0.5,2185
36.488,213.0,1.689,0.5,2186
36.505,213.0,1.735,0.5,2187
36.522,212.9,1.618,0.4,2188
36.538,213.1,1.637,0.4,2189
36.555,212.9,1.221,0.3,2190
36.572,212.9,1.290,0.3,2191
36.588,212.9,1.084,0.3,2192
36.605,213.0,0.719,0.2,2193
36.622,212.8,0.355,0.1,2194
36.638,212.9,0.164,0.0,2195
36.655,213.0,-0.369,-0.1,2196
36.672,213.0,-0.470,-0.1,2197
36.688,212.9,-0.782,-0.2,2198
36.705,212.9,-0.999,-0.3,2199
36.722,212.8,-1.222,-0.3,2200
36.739,213.1,-1.351,-0.4,2201
36.755,213.1,-1.429,-0.4,2202
36.772,213.1,-2.027,-0.5,2203
36.789,213.1,-1.966,-0.5,2204
36.805,213.2,-2.244,-0.6,2205
36.822,213.1,-2.210,-0.6,2206
36.839,212.9,-2.003,-0.5,2207
36.855,213.0,-1.934,-0.5,2208
36.872,212.9,-1.966,-0.5,2209
36.889,212.9,-1.933,-0.5,2210
36.905,212.9,-1.902,-0.5,2211
36.922,213.0,-1.723,-0.5,2212
36.939,212.8,-1.723,-0.5,2213
36.956,213.0,-1.310,-0.4,2214
36.972,213.0,-1.135,-0.3,2215
36.989,213.2,-0.760,-0.2,2216
37.006,213.1,-0.700,-0.2,2217
37.022,213.0,-0.480,-0.1,2218
37.039,213.0,-1.807E-2,-0.0,2219
37.056,213.1,0.490,0.1,2220
37.072,212.9,0.481,0.1,2221
37.089,213.1,0.899,0.2,2222
37.106,212.7,0.867,0.2,2223
37.122,213.0,1.039,0.3,2224
37.139,213.0,1.109,0.3,2225
37.156,213.0,1.093,0.3,2226
37.173,213.0,1.184,0.3,2227
37.189,213.1,1.237,0.3,2228
37.206,213.0,1.215,0.3,2229
37.223,213.0,1.414,0.4,2230
37.239,212.8,1.183,0.3,2231
37.256,213.0,1.163,0.3,2232
37.273,213.0,0.895,0.2,2233
37.289,213.1,0.712,0.2,2234
37.306,213.1,0.617,0.2,2235
37.323,213.1,0.370,0.1,2236
37.339,213.0,0.335,0.1,2237
37.356,212.9,0.270,0.1,2238
37.373,213.0,-0.468,-0.1,2239
37.390,213.1,-0.427,-0.1,2240
37.406,213.2,-0.745,-0.2,2241
37.423,213.0,-0.930,-0.3,2242
37.440,212.9,-1.102,-0.3,2243
37.456,212.9,-1.494,-0.4,2244
37.473,212.9,-1.737,-0.5,2245
37.490,213.0,-1.978,-0.5,2246
37.506,213.2,-2.074,-0.6,2247
37.523,213.0,-2.058,-0.6,2248
37.540,213.0,-2.070,-0.6,2249
37.556,212.9,-2.143,-0.6,2250
37.573,213.0,-2.005,-0.5,2251
37.590,213.1,-1.978,-0.5,2252
37.607,213.2,-1.824,-0.5,2253
37.623,213.0,-1.869,-0.5,2254
37.640,213.1,-1.727,-0.5,2255
37.657,213.0,-1.613,-0.4,2256
37.673,213.1,-1.567,-0.4,2257
37.690,212.9,-1.349,-0.4,2258
37.707,213.1,-0.826,-0.2,2259
37.723,212.9,-0.783,-0.2,2260
37.740,212.9,-0.242,-0.1,2261
37.757,212.9,-0.210,-0.1,2262
37.773,213.2,0.182,0.0,2263
37.790,212.9,7.323E-2,0.0,2264
37.807,213.1,0.256,0.1,2265
37.824,213.0,0.424,0.1,2266
37.840,212.9,0.653,0.2,2267
37.857,213.0,0.741,0.2,2268
37.874,213.0,0.961,0.3,2269
37.890,212.8,0.817,0.2,2270
37.907,213.1,0.970,0.3,2271
37.924,213.1,0.785,0.2,2272
37.940,213.1,0.827,0.2,2273
37.957,213.0,0.756,0.2,2274
37.974,213.2,0.796,0.2,2275
37.990,213.1,0.721,0.2,2276
38.007,213.0,0.601,0.2,2277
38.024,212.9,0.420,0.1,2278
38.040,213.2,0.451,0.1,2279
38.057,212.9,-1.750E-2,-0.0,2280
38.074,212.9,-0.127,-0.0,2281
38.091,212.9,-0.555,-0.1,2282
38.107,213.0,-0.562,-0.2,2283
38.124,212.9,-0.831,-0.2,2284
38.141,212.9,-1.095,-0.3,2285
38.157,212.8,-1.211,-0.3,2286
38.174,213.0,-1.160,-0.3,2287
38.191,212.9,-1.450,-0.4,2288
38.207,212.9,-1.593,-0.4,2289
38.224,212.8,-1.780,-0.5,2290
38.241,213.0,-1.798,-0.5,2291
38.257,213.0,-1.924,-0.5,2292
38.274,212.9,-1.991,-0.5,2293
38.291,212.9,-1.969,-0.5,2294
38.308,213.0,-1.924,-0.5,2295
38.324,213.0,-1.945,-0.5,2296
38.341,213.1,-1.770,-0.5,2297
38.358,212.8,-1.741,-0.5,2298
38.374,213.0,-1.532,-0.4,2299
38.391,212.7,-1.498,-0.4,2300
38.408,212.9,-1.487,-0.4,2301
38.424,212.9,-1.329,-0.4,2302
38.441,212.9,-0.866,-0.2,2303
38.458,212.9,-0.834,-0.2,2304
38.474,212.9,-0.424,-0.1,2305
38.491,212.8,-0.313,-0.1,2306
38.508,212.9,-0.116,-0.0,2307
38.525,212.8,-1.842E-2,-0.0,2308
38.541,212.9,3.318E-2,0.0,2309
38.558,212.8,6.793E-2,0.0,2310
38.575,212.9,0.197,0.1,2311
38.591,212.9,0.175,0.0,2312
38.608,212.9,0.179,0.0,2313
38.625,213.1,0.115,0.0,2314
38.641,213.0,8.021E-2,0.0,2315
38.658,213.0,3.168E-2,0.0,2316
38.675,213.1,-3.899E-2,-0.0,2317
38.691,213.2,4.534E-3,0.0,2318
38.708,213.0,-7.704E-2,-0.0,2319
38.725,213.1,-0.143,-0.0,2320
38.742,213.1,-0.218,-0.1,2321
38.758,213.0,-0.429,-0.1,2322
38.775,213.1,-0.470,-0.1,2323
38.792,213.0,-0.749,-0.2,2324
38.808,212.7,-0.996,-0.3,2325
38.825,212.9,-1.107,-0.3,2326
38.842,212.9,-1.328,-0.4,2327
38.858,213.0,-1.396,-0.4,2328
38.875,213.0,-1.435,-0.4,2329
38.892,212.9,-1.395,-0.4,2330
38.908,212.9,-1.425,-0.4,2331
38.925,212.8,-1.465,-0.4,2332
38.942,212.9,-1.709,-0.5,2333
38.959,212.8,-1.752,-0.5,2334
38.975,213.0,-1.993,-0.5,2335
38.992,212.8,-1.736,-0.5,2336
39.009,212.7,-1.778,-0.5,2337
39.025,213.1,-1.684,-0.5,2338
39.042,212.9,-1.708,-0.5,2339
39.059,213.0,-1.689,-0.5,2340
39.075,212.8,-1.518,-0.4,2341
39.092,213.1,-1.498,-0.4,2342
39.109,213.0,-1.516,-0.4,2343
39.125,213.2,-1.168,-0.3,2344
39.142,213.0,-0.978,-0.3,2345
39.159,213.2,-0.665,-0.2,2346
39.176,213.0,-0.659,-0.2,2347
39.192,213.0,-0.516,-0.1,2348
39.209,213.2,-0.166,-0.0,2349
39.226,213.0,-0.143,-0.0,2350
39.242,213.0,1.545E-2,0.0,2351
39.259,212.9,0.105,0.0,2352
39.276,213.0,4.027E-2,0.0,2353
39.292,213.0,0.184,0.0,2354
39.309,212.9,0.147,0.0,2355
39.326,212.9,0.103,0.0,2356
39.342,213.0,0.108,0.0,2357
39.359,213.0,3.932E-2,0.0,2358
39.376,213.0,4.133E-2,0.0,2359
39.393,212.9,2.070E-2,0.0,2360
39.409,213.0,-0.146,-0.0,2361
39.426,212.9,-9.247E-2,-0.0,2362
39.443,212.8,-0.318,-0.1,2363
39.459,213.0,-0.274,-0.1,2364
39.476,212.9,-0.521,-0.1,2365
39.493,212.8,-0.573,-0.2,2366
39.509,212.9,-0.841,-0.2,2367
39.526,212.8,-0.987,-0.3,2368
39.543,212.9,-1.177,-0.3,2369
39.559,212.9,-1.181,-0.3,2370
39.576,212.8,-1.264,-0.3,2371
39.593,212.9,-1.187,-0.3,2372
39.610,213.0,-1.291,-0.3,2373
39.626,213.0,-1.234,-0.3,2374
39.643,213.0,-1.215,-0.3,2375
39.660,213.0,-1.252,-0.3,2376
39.676,213.1,-1.271,-0.3,2377
39.693,212.9,-1.285,-0.3,2378
39.710,213.0,-1.214,-0.3,2379
39.726,213.2,-1.151,-0.3,2380
39.743,212.9,-1.167,-0.3,2381
39.760,213.2,-1.064,-0.3,2382
39.776,213.0,-1.011,-0.3,2383
39.793,213.0,-0.932,-0.3,2384
39.810,212.9,-0.871,-0.2,2385
39.827,212.9,-0.771,-0.2,2386
39.843,212.7,-0.671,-0.2,2387
39.860,213.0,-0.589,-0.2,2388
39.877,213.0,-0.678,-0.2,2389
39.893,213.0,-0.436,-0.1,2390
39.910,212.9,-0.155,-0.0,2391
39.927,213.0,0.214,0.1,2392
39.943,212.8,9.481E-2,0.0,2393
39.960,212.8,0.206,0.1,2394
39.977,212.9,0.127,0.0,2395
39.993,212.9,8.713E-2,0.0,2396
40.010,212.9,0.132,0.0,2397
40.027,212.9,0.121,0.0,2398
40.044,212.8,9.796E-2,0.0,2399
40.060,212.9,7.953E-2,0.0,2400
40.077,213.1,2.240E-2,0.0,2401
40.094,213.0,-3.157E-2,-0.0,2402
40.110,213.0,-3.496E-2,-0.0,2403
40.127,213.1,-0.236,-0.1,2404
40.144,213.1,-0.162,-0.0,2405
40.160,213.0,-0.310,-0.1,2406
40.177,212.9,-0.363,-0.1,2407
40.194,213.1,-0.295,-0.1,2408
40.210,213.2,-0.394,-0.1,2409
40.227,213.0,-0.513,-0.1,2410
40.244,213.0,-0.553,-0.1,2411
40.260,212.9,-0.717,-0.2,2412
40.277,213.1,-0.959,-0.3,2413
40.294,213.0,-1.022,-0.3,2414
40.311,213.0,-1.043,-0.3,2415
40.327,212.9,-1.130,-0.3,2416
40.344,212.8,-1.249,-0.3,2417
40.361,212.9,-1.361,-0.4,2418
40.377,213.0,-1.348,-0.4,2419
40.394,212.9,-1.270,-0.3,2420
40.411,213.0,-1.250,-0.3,2421
40.427,213.1,-1.193,-0.3,2422
40.444,213.0,-1.143,-0.3,2423
40.461,213.1,-0.991,-0.3,2424
40.477,213.0,-1.002,-0.3,2425
40.494,213.1,-0.920,-0.2,2426
40.511,213.0,-0.910,-0.2,2427
40.528,212.9,-0.724,-0.2,2428
40.544,212.9,-0.709,-0.2,2429
40.561,212.9,-0.635,-0.2,2430
40.578,212.9,-0.573,-0.2,2431
40.594,213.0,-0.448,-0.1,2432
40.611,213.0,-0.358,-0.1,2433
40.628,212.9,-6.255E-2,-0.0,2434
40.644,213.0,-9.456E-2,-0.0,2435
40.661,213.0,1.671E-2,0.0,2436
40.678,213.0,0.107,0.0,2437
40.694,212.9,6.592E-2,0.0,2438
40.711,213.0,6.673E-2,0.0,2439
40.728,213.0,5.158E-2,0.0,2440
40.745,212.9,5.063E-2,0.0,2441
40.761,213.2,6.970E-2,0.0,2442
40.778,212.8,-7.305E-2,-0.0,2443
40.795,212.9,1.416E-2,0.0,2444
40.811,213.0,-0.136,-0.0,2445
40.828,213.2,-0.139,-0.0,2446
40.845,212.9,-0.253,-0.1,2447
40.861,213.0,-0.180,-0.0,2448
40.878,213.0,-0.344,-0.1,2449
40.895,213.1,-0.349,-0.1,2450
40.911,213.0,-0.484,-0.1,2451
40.928,213.1,-0.519,-0.1,2452
40.945,212.9,-0.653,-0.2,2453
40.962,213.0,-0.787,-0.2,2454
40.978,212.8,-1.002,-0.3,2455
40.995,212.7,-1.067,-0.3,2456
41.012,212.9,-1.159,-0.3,2457
41.028,213.1,-1.094,-0.3,2458
41.045,213.1,-1.227,-0.3,2459
41.062,213.1,-1.169,-0.3,2460
41.078,212.9,-1.281,-0.3,2461
41.095,213.0,-1.219,-0.3,2462
41.112,212.8,-1.193,-0.3,2463
41.128,213.0,-1.200,-0.3,2464
41.145,213.0,-1.136,-0.3,2465
41.162,212.9,-1.122,-0.3,2466
41.179,213.0,-1.151,-0.3,2467
41.195,213.0,-0.961,-0.3,2468
41.212,212.9,-0.972,-0.3,2469
41.229,213.0,-0.781,-0.2,2470
41.245,212.8,-0.763,-0.2,2471
41.262,212.9,-0.739,-0.2,2472
41.279,212.9,-0.573,-0.2,2473
41.295,212.8,-0.691,-0.2,2474
41.312,213.1,-0.535,-0.1,2475
41.329,213.0,-0.493,-0.1,2476
41.345,213.0,-0.176,-0.0,2477
41.362,213.1,7.438E-2,0.0,2478
41.379,213.0,2.239E-3,0.0,2479
41.396,213.1,3.878E-4,0.0,2480
41.412,213.0,8.460E-2,0.0,2481
41.429,213.1,4.612E-2,0.0,2482
41.446,212.9,5.747E-2,0.0,2483
41.462,212.9,-1.462E-2,-0.0,2484
41.479,212.9,-4.538E-2,-0.0,2485
41.496,213.0,-4.472E-2,-0.0,2486
41.512,212.8,-0.121,-0.0,2487
41.529,213.1,-0.231,-0.1,2488
41.546,212.9,-0.237,-0.1,2489
41.562,213.1,-0.345,-0.1,2490
41.579,212.9,-0.427,-0.1,2491
41.596,213.1,-0.450,-0.1,2492
41.613,213.0,-0.529,-0.1,2493
41.629,213.1,-0.576,-0.2,2494
41.646,213.0,-0.828,-0.2,2495
41.663,213.0,-0.895,-0.2,2496
41.679,212.9,-0.962,-0.3,2497
41.696,213.0,-1.092,-0.3,2498
41.713,213.2,-1.047,-0.3,2499
41.729,213.1,-1.269,-0.3,2500
41.746,213.1,-1.147,-0.3,2501
41.763,213.0,-1.276,-0.3,2502
41.779,212.9,-1.143,-0.3,2503
41.796,213.0,-1.119,-0.3,2504
41.813,212.9,-1.106,-0.3,2505
41.830,212.9,-1.054,-0.3,2506
41.846,213.1,-0.943,-0.3,2507
41.863,213.1,-1.069,-0.3,2508
41.880,213.1,-0.940,-0.3,2509
41.896,212.8,-1.039,-0.3,2510
41.913,213.1,-0.889,-0.2,2511
41.930,212.9,-0.864,-0.2,2512
41.946,213.0,-0.683,-0.2,2513
41.963,213.1,-0.679,-0.2,2514
41.980,212.8,-0.639,-0.2,2515
41.996,213.1,-0.740,-0.2,2516
42.013,213.0,-0.583,-0.2,2517
42.030,213.0,-0.707,-0.2,2518
42.047,213.0,-0.607,-0.2,2519
42.063,213.0,-0.622,-0.2,2520
42.080,213.1,-0.314,-0.1,2521
42.097,213.0,-0.303,-0.1,2522
42.113,213.0,-0.228,-0.1,2523
42.130,213.1,-0.218,-0.1,2524
42.147,213.0,-0.128,-0.0,2525
