,mass A,,
t,θ,frame,
3.372,-58.6,202
3.388,-56.0,203
3.405,-52.9,204
3.422,-48.9,205
3.439,-44.3,206
3.455,-39.0,207
3.472,-33.0,208
3.489,-26.8,209
3.505,-20.5,210
3.522,-13.7,211
3.539,-6.9,212
3.555,0.4,213
3.572,7.5,214
3.589,14.4,215
3.605,21.2,216
3.622,27.5,217
3.639,33.5,218
3.656,38.9,219
3.672,43.6,220
3.689,47.9,221
3.706,52.3,222
3.722,55.3,223
3.739,57.7,224
3.756,59.3,225
3.772,59.9,226
3.789,59.8,227
3.806,59.0,228
3.822,57.4,229
3.839,55.2,230
3.856,52.2,231
3.873,48.3,232
3.889,43.9,233
3.906,38.9,234
3.923,33.2,235
3.939,27.6,236
3.956,21.5,237
3.973,14.2,238
3.989,7.1,239
4.006,0.1,240
4.023,-6.7,241
4.039,-13.4,242
4.056,-20.0,243
4.073,-26.2,244
4.090,-32.3,245
4.106,-37.8,246
4.123,-42.7,247
4.140,-47.3,248
4.156,-51.1,249
4.173,-54.3,250
4.190,-56.8,251
4.206,-58.4,252
4.223,-59.5,253
4.240,-59.5,254
4.256,-59.0,255
4.273,-57.7,256
4.290,-55.7,257
4.307,-52.9,258
4.323,-49.6,259
4.340,-45.4,260
4.357,-40.7,261
4.373,-35.2,262
4.390,-29.5,263
4.407,-23.3,264
4.423,-17.1,265
4.440,-10.6,266
4.457,-5.1,267
4.473,3.0,268
4.490,9.5,269
4.507,16.2,270
4.524,22.5,271
4.540,28.4,272
4.557,33.9,273
4.574,40.4,274
4.590,44.8,275
4.607,49.0,276
4.624,52.2,277
4.640,54.4,278
4.657,56.3,279
4.674,57.3,280
4.690,57.5,281
4.707,57.1,282
4.724,55.9,283
4.740,53.8,284
4.757,51.2,285
4.774,47.7,286
4.791,43.6,287
4.807,39.0,288
4.824,33.5,289
4.841,28.2,290
4.857,21.9,291
4.874,15.6,292
4.891,8.9,293
4.907,2.4,294
4.924,-4.5,295
4.941,-10.7,296
4.957,-17.2,297
4.974,-23.1,298
4.991,-29.0,299
5.008,-34.3,300
5.024,-39.3,301
5.041,-43.7,302
5.058,-47.7,303
5.074,-50.7,304
5.091,-53.3,305
5.108,-55.1,306
5.124,-56.2,307
5.141,-56.4,308
5.158,-56.3,309
5.174,-55.1,310
5.191,-53.4,311
5.208,-50.8,312
5.225,-47.7,313
5.241,-43.8,314
5.258,-39.5,315
5.275,-34.6,316
5.291,-29.3,317
5.308,-23.5,318
5.325,-18.2,319
5.341,-12.0,320
5.358,-6.1,321
5.375,0.7,322
5.391,7.1,323
5.408,13.4,324
5.425,19.5,325
5.442,25.3,326
5.458,30.7,327
5.475,35.6,328
5.492,40.0,329
5.508,43.9,330
5.525,47.0,331
5.542,49.6,332
5.558,51.5,333
5.575,52.5,334
5.592,52.9,335
5.608,52.6,336
5.625,51.6,337
5.642,49.9,338
5.659,47.4,339
5.675,44.4,340
5.692,40.7,341
5.709,36.3,342
5.725,31.6,343
5.742,26.4,344
5.759,20.9,345
5.775,14.9,346
5.792,8.9,347
5.809,2.4,348
5.825,-4.6,349
5.842,-10.1,350
5.859,-16.2,351
5.876,-22.2,352
5.892,-27.6,353
5.909,-32.8,354
5.926,-37.5,355
5.942,-41.8,356
5.959,-45.5,357
5.976,-48.6,358
5.992,-51.1,359
6.009,-52.9,360
6.026,-53.9,361
6.042,-54.4,362
6.059,-53.9,363
6.076,-53.0,364
6.093,-51.2,365
6.109,-48.9,366
6.126,-45.8,367
6.143,-42.3,368
6.159,-38.0,369
6.176,-33.3,370
6.193,-28.1,371
6.209,-22.6,372
6.226,-17.4,373
6.243,-11.6,374
6.259,-5.5,375
6.276,0.5,376
6.293,6.6,377
6.310,12.6,378
6.326,18.6,379
6.343,24.1,380
6.360,29.3,381
6.376,34.0,382
6.393,38.2,383
6.410,41.7,384
6.426,44.9,385
6.443,47.2,386
6.460,48.9,387
6.476,49.9,388
6.493,50.3,389
6.510,49.8,390
6.527,48.8,391
6.543,46.9,392
6.560,44.6,393
6.577,41.5,394
6.593,37.9,395
6.610,33.7,396
6.627,29.0,397
6.643,23.8,398
6.660,18.5,399
6.677,12.7,400
6.693,6.8,401
6.710,0.8,402
6.727,-5.6,403
6.744,-11.3,404
6.760,-17.0,405
6.777,-22.7,406
6.794,-27.7,407
6.810,-32.6,408
6.827,-36.8,409
6.844,-40.9,410
6.860,-44.3,411
6.877,-47.1,412
6.894,-49.3,413
6.910,-50.8,414
6.927,-51.6,415
6.944,-51.9,416
6.961,-51.2,417
6.977,-50.1,418
6.994,-48.3,419
7.011,-45.8,420
7.027,-42.7,421
7.044,-39.0,422
7.061,-34.8,423
7.077,-30.1,424
7.094,-24.9,425
7.111,-19.6,426
7.127,-14.7,427
7.144,-9.1,428
7.161,-2.8,429
7.178,2.6,430
7.194,8.3,431
7.211,14.1,432
7.228,19.6,433
7.244,24.8,434
7.261,29.7,435
7.278,34.0,436
7.294,37.9,437
7.311,41.1,438
7.328,43.7,439
7.344,45.7,440
7.361,47.2,441
7.378,48.0,442
7.395,47.9,443
7.411,47.3,444
7.428,45.9,445
7.445,44.0,446
7.461,41.4,447
7.478,38.2,448
7.495,34.5,449
7.511,30.3,450
7.528,25.6,451
7.545,20.6,452
7.561,15.2,453
7.578,9.6,454
7.595,3.8,455
7.612,-2.1,456
7.628,-7.8,457
7.645,-13.5,458
7.662,-18.8,459
7.678,-24.1,460
7.695,-28.7,461
7.712,-33.1,462
7.728,-37.0,463
7.745,-40.8,464
7.762,-43.8,465
7.778,-46.2,466
7.795,-47.8,467
7.812,-49.1,468
7.829,-49.5,469
7.845,-49.4,470
7.862,-48.4,471
7.879,-47.0,472
7.895,-44.8,473
7.912,-42.2,474
7.929,-38.8,475
7.945,-35.0,476
7.962,-30.6,477
7.979,-25.9,478
7.995,-20.9,479
8.012,-16.0,480
8.029,-10.7,481
8.045,-5.3,482
8.062,0.2,483
8.079,5.8,484
8.096,11.4,485
8.112,16.7,486
8.129,21.8,487
8.146,26.6,488
8.162,30.9,489
8.179,34.9,490
8.196,38.2,491
8.212,41.0,492
8.229,43.3,493
8.246,44.7,494
8.262,45.6,495
8.279,45.8,496
8.296,45.4,497
8.313,44.3,498
8.329,42.6,499
8.346,40.3,500
8.363,37.3,501
8.379,34.0,502
8.396,30.1,503
8.413,25.7,504
8.429,21.0,505
8.446,15.8,506
8.463,10.5,507
8.479,4.9,508
8.496,-0.8,509
8.513,-6.2,510
8.530,-11.7,511
8.546,-17.0,512
8.563,-21.8,513
8.580,-26.6,514
8.596,-30.9,515
8.613,-34.7,516
8.630,-38.3,517
8.646,-41.4,518
8.663,-43.9,519
8.680,-45.7,520
8.696,-47.1,521
8.713,-47.6,522
8.730,-47.6,523
8.747,-46.8,524
8.763,-45.5,525
8.780,-43.6,526
8.797,-41.0,527
8.813,-37.8,528
8.830,-34.4,529
8.847,-30.2,530
8.863,-25.7,531
8.880,-20.8,532
8.897,-15.9,533
8.913,-10.6,534
8.930,-5.5,535
8.947,-0.4,536
8.964,4.9,537
8.980,10.3,538
8.997,15.4,539
9.014,20.4,540
9.030,25.0,541
9.047,29.1,542
9.064,33.0,543
9.080,36.2,544
9.097,38.9,545
9.114,41.1,546
9.130,42.6,547
9.147,43.6,548
9.164,43.9,549
9.181,43.6,550
9.197,42.6,551
9.214,41.0,552
9.231,38.9,553
9.247,36.2,554
9.264,32.8,555
9.281,29.1,556
9.297,25.0,557
9.314,20.3,558
9.331,15.6,559
9.347,10.4,560
9.364,5.1,561
9.381,-0.4,562
9.398,-5.7,563
9.414,-10.9,564
9.431,-16.0,565
9.448,-20.8,566
9.464,-25.3,567
9.481,-29.5,568
9.498,-33.3,569
9.514,-36.7,570
9.531,-39.8,571
9.548,-42.0,572
9.564,-43.9,573
9.581,-45.0,574
9.598,-45.6,575
9.615,-45.6,576
9.631,-44.8,577
9.648,-43.6,578
9.665,-41.8,579
9.681,-39.2,580
9.698,-36.3,581
9.715,-32.8,582
9.731,-28.8,583
9.748,-24.4,584
9.765,-19.8,585
9.781,-15.1,586
9.798,-10.1,587
9.815,-5.0,588
9.832,-0.1,589
9.848,5.2,590
9.865,10.3,591
9.882,15.2,592
9.898,20.0,593
9.915,24.4,594
9.932,28.4,595
9.948,31.9,596
9.965,35.0,597
9.982,37.7,598
9.998,39.7,599
10.015,41.0,600
10.032,41.8,601
10.049,42.1,602
10.065,41.7,603
10.082,40.6,604
10.099,39.0,605
10.115,36.8,606
10.132,34.1,607
10.149,31.0,608
10.165,27.2,609
10.182,23.2,610
10.199,18.7,611
10.215,14.1,612
10.232,9.0,613
10.249,3.9,614
10.266,-1.2,615
10.282,-6.3,616
10.299,-11.3,617
10.316,-16.1,618
10.332,-20.8,619
10.349,-25.2,620
10.366,-29.2,621
10.382,-33.0,622
10.399,-36.1,623
10.416,-38.8,624
10.432,-41.2,625
10.449,-42.6,626
10.466,-43.7,627
10.483,-44.0,628
10.499,-43.8,629
10.516,-43.1,630
10.533,-41.7,631
10.549,-39.7,632
10.566,-37.3,633
10.583,-34.2,634
10.599,-30.9,635
10.616,-27.0,636
10.633,-22.9,637
10.649,-18.4,638
10.666,-13.8,639
10.683,-9.0,640
10.700,-3.9,641
10.716,1.0,642
10.733,6.0,643
10.750,11.0,644
10.766,15.7,645
10.783,20.1,646
10.800,24.3,647
10.816,28.1,648
10.833,31.3,649
10.850,34.1,650
10.866,36.5,651
10.883,38.4,652
10.900,39.6,653
10.917,40.1,654
10.933,40.1,655
10.950,39.6,656
10.967,38.5,657
10.983,36.7,658
11.000,34.4,659
11.017,31.6,660
11.033,28.4,661
11.050,24.8,662
11.067,20.7,663
11.083,16.3,664
11.100,11.8,665
11.117,6.9,666
11.133,1.9,667
11.150,-2.8,668
11.167,-7.7,669
11.184,-12.3,670
11.200,-17.0,671
11.217,-21.4,672
11.234,-25.6,673
11.250,-29.4,674
11.267,-32.8,675
11.284,-35.8,676
11.300,-38.2,677
11.317,-40.1,678
11.334,-41.5,679
11.350,-42.3,680
11.367,-42.4,681
11.384,-42.0,682
11.401,-40.9,683
11.417,-39.5,684
11.434,-37.4,685
11.451,-34.8,686
11.467,-31.8,687
11.484,-28.2,688
11.501,-24.4,689
11.517,-20.2,690
11.534,-16.1,691
11.551,-11.5,692
11.567,-6.8,693
11.584,-1.9,694
11.601,2.9,695
11.618,7.7,696
11.634,12.3,697
11.651,16.7,698
11.668,20.9,699
11.684,24.8,700
11.701,28.3,701
11.718,31.3,702
11.734,33.8,703
11.751,35.9,704
11.768,37.4,705
11.784,38.3,706
11.801,38.6,707
11.818,38.4,708
11.835,37.5,709
11.851,36.1,710
11.868,34.2,711
11.885,31.9,712
11.901,28.9,713
11.918,25.6,714
11.935,21.8,715
11.951,17.8,716
11.968,13.3,717
11.985,8.7,718
12.001,4.1,719
12.018,-0.7,720
12.035,-5.7,721
12.052,-10.1,722
12.068,-14.7,723
12.085,-19.1,724
12.102,-23.2,725
12.118,-27.1,726
12.135,-30.2,727
12.152,-33.3,728
12.168,-35.9,729
12.185,-38.0,730
12.202,-39.5,731
12.218,-40.4,732
12.235,-40.9,733
12.252,-40.9,734
12.269,-40.1,735
12.285,-38.9,736
12.302,-37.1,737
12.319,-34.8,738
12.335,-32.1,739
12.352,-28.9,740
12.369,-25.4,741
12.385,-21.6,742
12.402,-17.5,743
12.419,-13.2,744
12.435,-8.7,745
12.452,-3.9,746
12.469,0.7,747
12.486,5.3,748
12.502,9.8,749
12.519,14.2,750
12.536,18.3,751
12.552,22.1,752
12.569,25.7,753
12.586,28.7,754
12.602,31.3,755
12.619,33.4,756
12.636,35.2,757
12.652,36.1,758
12.669,36.8,759
12.686,36.7,760
12.703,36.2,761
12.719,34.9,762
12.736,33.4,763
12.753,31.1,764
12.769,28.5,765
12.786,25.5,766
12.803,22.1,767
12.819,18.1,768
12.836,14.2,769
12.853,9.7,770
12.869,5.3,771
12.886,0.7,772
12.903,-4.0,773
12.920,-8.5,774
12.936,-12.9,775
12.953,-17.2,776
12.970,-21.1,777
12.986,-24.9,778
13.003,-27.8,779
13.020,-31.1,780
13.036,-33.6,781
13.053,-35.8,782
13.070,-37.5,783
13.086,-38.7,784
13.103,-39.3,785
13.120,-39.2,786
13.137,-38.8,787
13.153,-37.8,788
13.170,-36.2,789
13.187,-34.2,790
13.203,-31.6,791
13.220,-28.9,792
13.237,-25.3,793
13.253,-21.9,794
13.270,-18.1,795
13.287,-14.0,796
13.303,-9.7,797
13.320,-5.2,798
13.337,-0.8,799
13.354,3.7,800
13.370,8.0,801
13.387,12.2,802
13.404,16.4,803
13.420,20.1,804
13.437,23.5,805
13.454,26.6,806
13.470,29.3,807
13.487,31.5,808
13.504,33.2,809
13.520,34.4,810
13.537,35.0,811
13.554,35.2,812
13.571,34.7,813
13.587,33.8,814
13.604,32.4,815
13.621,30.3,816
13.637,27.9,817
13.654,24.9,818
13.671,21.7,819
13.687,18.1,820
13.704,14.2,821
13.721,10.2,822
13.737,5.7,823
13.754,1.5,824
13.771,-3.0,825
13.788,-7.4,826
13.804,-11.8,827
13.821,-15.8,828
13.838,-19.7,829
13.854,-23.3,830
13.871,-26.7,831
13.888,-29.7,832
13.904,-32.4,833
13.921,-34.5,834
13.938,-36.2,835
13.954,-37.3,836
13.971,-38.0,837
13.988,-38.1,838
14.005,-37.8,839
14.021,-36.8,840
14.038,-35.4,841
14.055,-33.6,842
14.071,-31.2,843
14.088,-28.5,844
14.105,-25.4,845
14.121,-21.9,846
14.138,-18.4,847
14.155,-14.3,848
14.171,-10.2,849
14.188,-5.9,850
14.205,-1.7,851
14.221,2.7,852
14.238,6.9,853
14.255,11.1,854
14.272,14.8,855
14.288,18.6,856
14.305,21.9,857
14.322,24.9,858
14.338,27.6,859
14.355,29.8,860
14.372,31.4,861
14.388,32.5,862
14.405,33.2,863
14.422,33.5,864
14.438,33.1,865
14.455,32.3,866
14.472,30.9,867
14.489,29.1,868
14.505,26.8,869
14.522,24.1,870
14.539,21.0,871
14.555,17.6,872
14.572,13.9,873
14.589,9.9,874
14.605,5.8,875
14.622,1.7,876
14.639,-2.5,877
14.655,-6.8,878
14.672,-10.9,879
14.689,-14.9,880
14.706,-18.7,881
14.722,-22.2,882
14.739,-25.4,883
14.756,-28.3,884
14.772,-30.9,885
14.789,-33.0,886
14.806,-34.6,887
14.822,-35.8,888
14.839,-36.6,889
14.856,-36.6,890
14.872,-36.4,891
14.889,-35.4,892
14.906,-34.1,893
14.923,-32.3,894
14.939,-30.0,895
14.956,-27.4,896
14.973,-24.4,897
14.989,-21.1,898
15.006,-17.5,899
15.023,-13.7,900
15.039,-9.9,901
15.056,-5.7,902
15.073,-1.7,903
15.089,2.4,904
15.106,6.5,905
15.123,10.5,906
15.140,14.1,907
15.156,17.7,908
15.173,20.8,909
15.190,23.8,910
15.206,26.3,911
15.223,28.4,912
15.240,30.1,913
15.256,31.3,914
15.273,31.9,915
15.290,32.1,916
15.306,31.6,917
15.323,30.9,918
15.340,29.5,919
15.357,27.8,920
15.373,25.5,921
15.390,22.9,922
15.407,19.9,923
15.423,16.7,924
15.440,13.0,925
15.457,9.3,926
15.473,5.2,927
15.490,1.3,928
15.507,-2.8,929
15.523,-6.8,930
15.540,-10.8,931
15.557,-14.5,932
15.574,-18.2,933
15.590,-21.5,934
15.607,-24.7,935
15.624,-27.4,936
15.640,-30.0,937
15.657,-31.8,938
15.674,-33.5,939
15.690,-34.5,940
15.707,-35.1,941
15.724,-35.2,942
15.740,-34.9,943
15.757,-33.9,944
15.774,-32.8,945
15.791,-30.9,946
15.807,-28.9,947
15.824,-26.1,948
15.841,-23.3,949
15.857,-20.0,950
15.874,-16.7,951
15.891,-13.0,952
15.907,-9.2,953
15.924,-5.2,954
15.941,-1.4,955
15.957,2.7,956
15.974,6.5,957
15.991,10.3,958
16.008,13.9,959
16.024,17.2,960
16.041,20.2,961
16.058,23.1,962
16.074,25.3,963
16.091,27.3,964
16.108,28.8,965
16.124,29.9,966
16.141,30.3,967
16.158,30.4,968
16.174,30.0,969
16.191,29.2,970
16.208,27.9,971
16.225,26.1,972
16.241,24.0,973
16.258,21.4,974
16.275,18.5,975
16.291,15.3,976
16.308,11.9,977
16.325,8.1,978
16.341,4.3,979
16.358,0.4,980
16.375,-3.4,981
16.391,-7.3,982
16.408,-11.1,983
16.425,-14.8,984
16.442,-18.1,985
16.458,-21.4,986
16.475,-24.2,987
16.492,-26.8,988
16.508,-29.1,989
16.525,-30.9,990
16.542,-32.3,991
16.558,-33.4,992
16.575,-33.7,993
16.592,-33.9,994
16.608,-33.4,995
16.625,-32.5,996
16.642,-31.0,997
16.659,-29.3,998
16.675,-27.0,999
16.692,-24.6,1000
16.709,-21.7,1001
16.725,-18.8,1002
16.742,-15.3,1003
16.759,-11.9,1004
16.775,-8.2,1005
16.792,-3.1,1006
16.809,0.9,1007
16.825,4.6,1008
16.842,8.7,1009
16.859,12.1,1010
16.876,15.7,1011
16.892,18.9,1012
16.909,21.8,1013
16.926,24.3,1014
16.942,26.6,1015
16.959,28.5,1016
16.976,29.9,1017
16.992,30.7,1018
17.009,31.2,1019
17.026,31.2,1020
17.042,30.7,1021
17.059,29.7,1022
17.076,28.2,1023
17.093,26.4,1024
17.109,24.2,1025
17.126,21.4,1026
17.143,18.4,1027
17.159,15.1,1028
17.176,11.9,1029
17.193,8.4,1030
17.209,4.8,1031
17.226,1.0,1032
17.243,-2.7,1033
17.259,-6.4,1034
17.276,-10.0,1035
17.293,-13.5,1036
17.309,-16.6,1037
17.326,-19.8,1038
17.343,-22.3,1039
17.360,-24.8,1040
17.376,-26.8,1041
17.393,-28.4,1042
17.410,-29.7,1043
17.426,-30.5,1044
17.443,-30.8,1045
17.460,-30.7,1046
17.476,-30.1,1047
17.493,-29.2,1048
17.510,-27.6,1049
17.526,-25.8,1050
17.543,-23.5,1051
17.560,-21.0,1052
17.577,-18.2,1053
17.593,-15.1,1054
17.610,-11.8,1055
17.627,-8.4,1056
17.643,-4.8,1057
17.660,-1.2,1058
17.677,2.6,1059
17.693,6.2,1060
17.710,9.7,1061
17.727,13.1,1062
17.743,16.3,1063
17.760,19.2,1064
17.777,22.1,1065
17.794,24.4,1066
17.810,26.5,1067
17.827,27.8,1068
17.844,28.9,1069
17.860,29.7,1070
17.877,29.9,1071
17.894,29.7,1072
17.910,29.0,1073
17.927,28.0,1074
17.944,26.4,1075
17.960,24.4,1076
17.977,22.1,1077
17.994,19.5,1078
18.011,16.5,1079
18.027,13.4,1080
18.044,10.0,1081
18.061,6.5,1082
18.077,3.0,1083
18.094,-0.6,1084
18.111,-4.2,1085
18.127,-7.5,1086
18.144,-11.0,1087
18.161,-14.2,1088
18.177,-17.2,1089
18.194,-20.0,1090
18.211,-22.4,1091
18.228,-24.6,1092
18.244,-26.4,1093
18.261,-27.8,1094
18.278,-28.8,1095
18.294,-29.3,1096
18.311,-29.5,1097
18.328,-29.2,1098
18.344,-28.4,1099
18.361,-27.2,1100
18.378,-25.7,1101
18.394,-23.8,1102
18.411,-21.6,1103
18.428,-19.0,1104
18.445,-16.2,1105
18.461,-13.1,1106
18.478,-9.9,1107
18.495,-6.4,1108
18.511,-3.2,1109
18.528,0.5,1110
18.545,4.0,1111
18.561,7.4,1112
18.578,10.6,1113
18.595,13.8,1114
18.611,16.7,1115
18.628,19.6,1116
18.645,22.1,1117
18.662,24.1,1118
18.678,25.7,1119
18.695,27.0,1120
18.712,28.0,1121
18.728,28.5,1122
18.745,28.5,1123
18.762,28.2,1124
18.778,27.2,1125
18.795,25.9,1126
18.812,24.2,1127
18.828,22.2,1128
18.845,19.8,1129
18.862,17.2,1130
18.879,14.3,1131
18.895,11.1,1132
18.912,7.9,1133
18.929,4.6,1134
18.945,1.1,1135
18.962,-2.4,1136
18.979,-5.6,1137
18.995,-8.9,1138
19.012,-12.0,1139
19.029,-15.1,1140
19.045,-17.8,1141
19.062,-20.4,1142
19.079,-22.6,1143
19.096,-24.4,1144
19.112,-26.0,1145
19.129,-27.1,1146
19.146,-27.9,1147
19.162,-28.2,1148
19.179,-28.1,1149
19.196,-27.6,1150
19.212,-26.7,1151
19.229,-25.4,1152
19.246,-23.7,1153
19.262,-21.8,1154
19.279,-19.4,1155
19.296,-16.8,1156
19.313,-14.0,1157
19.329,-10.9,1158
19.346,-7.8,1159
19.363,-4.5,1160
19.379,-1.3,1161
19.396,2.2,1162
19.413,5.5,1163
19.429,8.6,1164
19.446,11.8,1165
19.463,14.8,1166
19.479,17.5,1167
19.496,19.9,1168
19.513,21.9,1169
19.530,23.7,1170
19.546,25.1,1171
19.563,26.2,1172
19.580,26.7,1173
19.596,26.9,1174
19.613,26.7,1175
19.630,26.1,1176
19.646,25.1,1177
19.663,23.7,1178
19.680,21.9,1179
19.696,19.8,1180
19.713,17.2,1181
19.730,14.7,1182
19.747,11.8,1183
19.763,8.7,1184
19.780,5.5,1185
19.797,2.3,1186
19.813,-1.0,1187
19.830,-4.3,1188
19.847,-7.4,1189
19.863,-10.4,1190
19.880,-13.4,1191
19.897,-15.9,1192
19.913,-18.5,1193
19.930,-20.6,1194
19.947,-22.6,1195
19.964,-24.1,1196
19.980,-25.5,1197
19.997,-26.3,1198
20.014,-26.8,1199
20.030,-26.7,1200
20.047,-26.5,1201
20.064,-25.7,1202
20.080,-24.7,1203
20.097,-23.2,1204
20.114,-21.4,1205
20.130,-19.3,1206
20.147,-17.0,1207
20.164,-14.4,1208
20.181,-11.6,1209
20.197,-8.6,1210
20.214,-5.6,1211
20.231,-2.5,1212
20.247,0.8,1213
20.264,3.9,1214
20.281,7.1,1215
20.297,9.9,1216
20.314,12.6,1217
20.331,15.5,1218
20.347,18.0,1219
20.364,20.1,1220
20.381,21.9,1221
20.398,23.4,1222
20.414,24.5,1223
20.431,25.2,1224
20.448,25.4,1225
20.464,25.4,1226
20.481,25.0,1227
20.498,24.1,1228
20.514,22.9,1229
20.531,21.3,1230
20.548,19.4,1231
20.564,17.3,1232
20.581,14.8,1233
20.598,12.2,1234
20.614,9.1,1235
20.631,6.1,1236
20.648,3.0,1237
20.665,-0.0,1238
20.681,-3.1,1239
20.698,-6.0,1240
20.715,-9.0,1241
20.731,-11.8,1242
20.748,-14.5,1243
20.765,-16.9,1244
20.781,-19.2,1245
20.798,-21.0,1246
20.815,-22.7,1247
20.831,-23.9,1248
20.848,-24.9,1249
20.865,-25.4,1250
20.882,-25.7,1251
20.898,-25.5,1252
20.915,-24.9,1253
20.932,-24.0,1254
20.948,-22.8,1255
20.965,-21.1,1256
20.982,-19.3,1257
20.998,-17.1,1258
21.015,-14.7,1259
21.032,-12.1,1260
21.048,-9.3,1261
21.065,-6.4,1262
21.082,-3.5,1263
21.099,-0.5,1264
21.115,2.7,1265
21.132,5.8,1266
21.149,8.5,1267
21.165,11.4,1268
21.182,14.1,1269
21.199,16.4,1270
21.215,18.6,1271
21.232,20.4,1272
21.249,21.9,1273
21.265,23.1,1274
21.282,23.8,1275
21.299,24.2,1276
21.316,24.2,1277
21.332,24.0,1278
21.349,23.1,1279
21.366,22.1,1280
21.382,20.7,1281
21.399,18.9,1282
21.416,16.9,1283
21.432,14.6,1284
21.449,12.2,1285
21.466,9.5,1286
21.482,6.6,1287
21.499,3.7,1288
21.516,0.7,1289
21.533,-2.3,1290
21.549,-4.9,1291
21.566,-7.8,1292
21.583,-10.6,1293
21.599,-13.2,1294
21.616,-15.4,1295
21.633,-17.7,1296
21.649,-19.6,1297
21.666,-21.2,1298
21.683,-22.5,1299
21.699,-23.5,1300
21.716,-24.1,1301
21.733,-24.4,1302
21.750,-24.3,1303
21.766,-23.8,1304
21.783,-23.0,1305
21.800,-21.8,1306
21.816,-20.4,1307
21.833,-18.6,1308
21.850,-16.6,1309
21.866,-14.3,1310
21.883,-11.9,1311
21.900,-9.2,1312
21.916,-6.5,1313
21.933,-3.7,1314
21.950,-0.9,1315
21.967,2.0,1316
21.983,4.8,1317
22.000,7.6,1318
22.017,10.4,1319
22.033,12.9,1320
22.050,15.1,1321
22.067,17.2,1322
22.083,19.1,1323
22.100,20.6,1324
22.117,21.6,1325
22.133,22.6,1326
22.150,23.1,1327
22.167,23.2,1328
22.184,22.9,1329
22.200,22.4,1330
22.217,21.4,1331
22.234,20.1,1332
22.250,18.4,1333
22.267,16.7,1334
22.284,14.4,1335
22.300,12.1,1336
22.317,9.6,1337
22.334,7.0,1338
22.350,4.2,1339
22.367,1.3,1340
22.384,-1.5,1341
22.401,-4.1,1342
22.417,-6.9,1343
22.434,-9.5,1344
22.451,-12.1,1345
22.467,-14.5,1346
22.484,-16.5,1347
22.501,-18.4,1348
22.517,-19.9,1349
22.534,-21.2,1350
22.551,-22.1,1351
22.567,-22.8,1352
22.584,-23.1,1353
22.601,-23.1,1354
22.618,-22.7,1355
22.634,-22.0,1356
22.651,-20.9,1357
22.668,-19.6,1358
22.684,-18.0,1359
22.701,-16.1,1360
22.718,-14.0,1361
22.734,-11.7,1362
22.751,-9.2,1363
22.768,-6.6,1364
22.784,-3.8,1365
22.801,-1.1,1366
22.818,1.7,1367
22.835,4.3,1368
22.851,7.0,1369
22.868,9.6,1370
22.885,11.9,1371
22.901,14.1,1372
22.918,16.2,1373
22.935,17.8,1374
22.951,19.4,1375
22.968,20.6,1376
22.985,21.4,1377
23.001,21.9,1378
23.018,22.0,1379
23.035,21.9,1380
23.052,21.4,1381
23.068,20.5,1382
23.085,19.4,1383
23.102,17.8,1384
23.118,16.1,1385
23.135,14.1,1386
23.152,11.9,1387
23.168,9.6,1388
23.185,7.1,1389
23.202,4.4,1390
23.218,1.7,1391
23.235,-1.0,1392
23.252,-3.7,1393
23.269,-6.2,1394
23.285,-8.7,1395
23.302,-11.1,1396
23.319,-13.3,1397
23.335,-15.3,1398
23.352,-17.1,1399
23.369,-18.6,1400
23.385,-19.8,1401
23.402,-20.9,1402
23.419,-21.5,1403
23.435,-21.9,1404
23.452,-21.9,1405
23.469,-21.6,1406
23.486,-20.9,1407
23.502,-20.0,1408
23.519,-18.8,1409
23.536,-17.3,1410
23.552,-15.5,1411
23.569,-13.5,1412
23.586,-11.3,1413
23.602,-9.0,1414
23.619,-6.5,1415
23.636,-4.0,1416
23.652,-1.3,1417
23.669,1.2,1418
23.686,3.7,1419
23.702,6.2,1420
23.719,8.8,1421
23.736,11.1,1422
23.753,13.2,1423
23.769,15.1,1424
23.786,16.7,1425
23.803,18.1,1426
23.819,19.4,1427
23.836,20.1,1428
23.853,20.7,1429
23.869,20.8,1430
23.886,20.7,1431
23.903,20.2,1432
23.919,19.4,1433
23.936,18.2,1434
23.953,16.8,1435
23.970,15.3,1436
23.986,13.4,1437
24.003,11.3,1438
24.020,9.0,1439
24.036,6.7,1440
24.053,4.1,1441
24.070,1.6,1442
24.086,-0.9,1443
24.103,-3.4,1444
24.120,-5.9,1445
24.136,-8.3,1446
24.153,-10.5,1447
24.170,-12.6,1448
24.187,-14.6,1449
24.203,-16.2,1450
24.220,-17.7,1451
24.237,-18.8,1452
24.253,-19.8,1453
24.270,-20.4,1454
24.287,-20.8,1455
24.303,-20.8,1456
24.320,-20.5,1457
24.337,-19.9,1458
24.353,-19.0,1459
24.370,-17.8,1460
24.387,-16.5,1461
24.404,-14.7,1462
24.420,-12.9,1463
24.437,-10.8,1464
24.454,-8.7,1465
24.470,-6.3,1466
24.487,-3.9,1467
24.504,-1.5,1468
24.520,0.9,1469
24.537,3.5,1470
24.554,5.8,1471
24.570,8.2,1472
24.587,10.4,1473
24.604,12.4,1474
24.621,14.2,1475
24.637,15.9,1476
24.654,17.1,1477
24.671,18.2,1478
24.687,18.9,1479
24.704,19.4,1480
24.721,19.5,1481
24.737,19.5,1482
24.754,19.0,1483
24.771,18.2,1484
24.787,17.2,1485
24.804,15.9,1486
24.821,14.3,1487
24.838,12.5,1488
24.854,10.6,1489
24.871,8.3,1490
24.888,6.3,1491
24.904,3.9,1492
24.921,1.5,1493
24.938,-1.0,1494
24.954,-3.2,1495
24.971,-5.4,1496
24.988,-7.7,1497
25.004,-10.0,1498
25.021,-12.0,1499
25.038,-13.7,1500
25.055,-15.3,1501
25.071,-16.8,1502
25.088,-17.9,1503
25.105,-18.7,1504
25.121,-19.4,1505
25.138,-19.6,1506
25.155,-19.6,1507
25.171,-19.2,1508
25.188,-18.7,1509
25.205,-17.8,1510
25.221,-16.8,1511
25.238,-15.4,1512
25.255,-13.9,1513
25.272,-12.1,1514
25.288,-10.2,1515
25.305,-8.0,1516
25.322,-5.9,1517
25.338,-3.7,1518
25.355,-1.1,1519
25.372,1.2,1520
25.388,3.4,1521
25.405,5.8,1522
25.422,7.8,1523
25.438,9.8,1524
25.455,11.8,1525
25.472,13.4,1526
25.489,15.0,1527
25.505,16.1,1528
25.522,17.0,1529
25.539,17.7,1530
25.555,18.2,1531
25.572,18.3,1532
25.589,18.2,1533
25.605,17.7,1534
25.622,16.9,1535
25.639,16.0,1536
25.655,14.7,1537
25.672,13.2,1538
25.689,11.5,1539
25.706,9.7,1540
25.722,7.8,1541
25.739,5.6,1542
25.756,3.4,1543
25.772,1.2,1544
25.789,-1.1,1545
25.806,-3.4,1546
25.822,-5.6,1547
25.839,-7.6,1548
25.856,-9.8,1549
25.872,-11.5,1550
25.889,-13.2,1551
25.906,-14.7,1552
25.923,-15.9,1553
25.939,-17.1,1554
25.956,-17.8,1555
25.973,-18.3,1556
25.989,-18.5,1557
26.006,-18.4,1558
26.023,-18.2,1559
26.039,-17.6,1560
26.056,-16.7,1561
26.073,-15.7,1562
26.089,-14.4,1563
26.106,-12.9,1564
26.123,-11.2,1565
26.140,-9.4,1566
26.156,-7.4,1567
26.173,-5.4,1568
26.190,-3.3,1569
26.206,-1.0,1570
26.223,1.2,1571
26.240,3.4,1572
26.256,5.5,1573
26.273,7.4,1574
26.290,9.5,1575
26.306,11.1,1576
26.323,12.7,1577
26.340,14.0,1578
26.357,15.2,1579
26.373,16.1,1580
26.390,16.8,1581
26.407,17.0,1582
26.423,17.2,1583
26.440,17.0,1584
26.457,16.6,1585
26.473,15.9,1586
26.490,15.0,1587
26.507,13.6,1588
26.523,12.2,1589
26.540,10.6,1590
26.557,8.7,1591
26.574,6.9,1592
26.590,4.9,1593
26.607,2.9,1594
26.624,0.7,1595
26.640,-1.5,1596
26.657,-3.4,1597
26.674,-5.4,1598
26.690,-7.3,1599
26.707,-9.3,1600
26.724,-11.0,1601
26.740,-12.5,1602
26.757,-14.0,1603
26.774,-15.2,1604
26.790,-16.1,1605
26.807,-16.8,1606
26.824,-17.2,1607
26.841,-17.5,1608
26.857,-17.3,1609
26.874,-17.0,1610
26.891,-16.5,1611
26.907,-15.7,1612
26.924,-14.6,1613
26.941,-13.4,1614
26.957,-11.9,1615
26.974,-10.4,1616
26.991,-8.5,1617
27.007,-6.6,1618
27.024,-4.6,1619
27.041,-2.6,1620
27.058,-0.7,1621
27.074,1.5,1622
27.091,3.4,1623
27.108,5.4,1624
27.124,7.3,1625
27.141,9.0,1626
27.158,10.6,1627
27.174,12.0,1628
27.191,13.3,1629
27.208,14.3,1630
27.224,15.2,1631
27.241,15.8,1632
27.258,16.0,1633
27.275,16.1,1634
27.291,15.8,1635
27.308,15.4,1636
27.325,14.6,1637
27.341,13.6,1638
27.358,12.4,1639
27.375,11.2,1640
27.391,9.5,1641
27.408,7.8,1642
27.425,6.1,1643
27.441,4.1,1644
27.458,2.0,1645
27.475,0.1,1646
27.492,-1.9,1647
27.508,-3.7,1648
27.525,-5.4,1649
27.542,-7.4,1650
27.558,-9.1,1651
27.575,-10.7,1652
27.592,-12.2,1653
27.608,-13.4,1654
27.625,-14.3,1655
27.642,-15.3,1656
27.658,-15.9,1657
27.675,-16.2,1658
27.692,-16.2,1659
27.709,-16.2,1660
27.725,-15.8,1661
27.742,-15.2,1662
27.759,-14.3,1663
27.775,-13.3,1664
27.792,-12.1,1665
27.809,-10.8,1666
27.825,-9.1,1667
27.842,-7.5,1668
27.859,-5.6,1669
27.875,-3.8,1670
27.892,-1.9,1671
27.909,-0.1,1672
27.926,1.8,1673
27.942,3.7,1674
27.959,5.6,1675
27.976,7.3,1676
27.992,9.0,1677
28.009,10.3,1678
28.026,11.6,1679
28.042,12.8,1680
28.059,13.6,1681
28.076,14.2,1682
28.092,14.9,1683
28.109,14.9,1684
28.126,14.9,1685
28.143,14.7,1686
28.159,14.2,1687
28.176,13.3,1688
28.193,12.3,1689
28.209,11.2,1690
28.226,10.0,1691
28.243,8.5,1692
28.259,7.0,1693
28.276,5.1,1694
28.293,3.4,1695
28.309,1.6,1696
28.326,-0.2,1697
28.343,-2.1,1698
28.360,-3.8,1699
28.376,-5.6,1700
28.393,-7.3,1701
28.410,-8.9,1702
28.426,-10.3,1703
28.443,-11.6,1704
28.460,-12.7,1705
28.476,-13.6,1706
28.493,-14.3,1707
28.510,-14.8,1708
28.526,-15.1,1709
28.543,-15.1,1710
28.560,-14.9,1711
28.577,-14.5,1712
28.593,-13.9,1713
28.610,-13.1,1714
28.627,-12.1,1715
28.643,-10.8,1716
28.660,-9.6,1717
28.677,-8.1,1718
28.693,-6.5,1719
28.710,-4.8,1720
28.727,-3.0,1721
28.743,-1.2,1722
28.760,0.6,1723
28.777,2.4,1724
28.794,4.1,1725
28.810,5.8,1726
28.827,7.2,1727
28.844,8.8,1728
28.860,10.0,1729
28.877,11.1,1730
28.894,12.1,1731
28.910,13.0,1732
28.927,13.4,1733
28.944,13.9,1734
28.960,13.9,1735
28.977,13.9,1736
28.994,13.6,1737
29.011,13.1,1738
29.027,12.3,1739
29.044,11.3,1740
29.061,10.1,1741
29.077,9.0,1742
29.094,7.4,1743
29.111,6.0,1744
29.127,4.2,1745
29.144,2.5,1746
29.161,0.8,1747
29.177,-0.9,1748
29.194,-2.7,1749
29.211,-4.3,1750
29.228,-5.9,1751
29.244,-7.3,1752
29.261,-9.0,1753
29.278,-10.1,1754
29.294,-11.4,1755
29.311,-12.2,1756
29.328,-13.0,1757
29.344,-13.6,1758
29.361,-14.1,1759
29.378,-14.2,1760
29.394,-14.2,1761
29.411,-14.0,1762
29.428,-13.7,1763
29.445,-12.8,1764
29.461,-12.1,1765
29.478,-11.1,1766
29.495,-10.0,1767
29.511,-8.6,1768
29.528,-7.3,1769
29.545,-5.7,1770
29.561,-4.1,1771
29.578,-2.5,1772
29.595,-0.8,1773
29.611,0.8,1774
29.628,2.5,1775
29.645,4.0,1776
29.662,5.5,1777
29.678,7.0,1778
29.695,8.3,1779
29.712,9.4,1780
29.728,10.5,1781
29.745,11.3,1782
29.762,12.0,1783
29.778,12.4,1784
29.795,12.8,1785
29.812,12.9,1786
29.828,12.6,1787
29.845,12.2,1788
29.862,11.7,1789
29.879,10.8,1790
29.895,9.9,1791
29.912,9.0,1792
29.929,7.6,1793
29.945,6.3,1794
29.962,4.9,1795
29.979,3.3,1796
29.995,1.7,1797
30.012,0.2,1798
30.029,-1.5,1799
30.045,-3.2,1800
30.062,-4.6,1801
30.079,-6.1,1802
30.095,-7.5,1803
30.112,-8.7,1804
30.129,-9.9,1805
30.146,-10.8,1806
30.162,-11.7,1807
30.179,-12.4,1808
30.196,-12.8,1809
30.212,-13.1,1810
30.229,-13.2,1811
30.246,-13.2,1812
30.262,-12.8,1813
30.279,-12.3,1814
30.296,-11.6,1815
30.312,-10.8,1816
30.329,-9.9,1817
30.346,-8.7,1818
30.363,-7.4,1819
30.379,-6.1,1820
30.396,-4.8,1821
30.413,-3.4,1822
30.429,-1.8,1823
30.446,-0.3,1824
30.463,1.3,1825
30.479,2.8,1826
30.496,4.3,1827
30.513,5.6,1828
30.529,6.9,1829
30.546,8.2,1830
30.563,9.2,1831
30.580,10.1,1832
30.596,10.6,1833
30.613,11.3,1834
30.630,11.6,1835
30.646,11.7,1836
30.663,11.7,1837
30.680,11.3,1838
30.696,11.0,1839
30.713,10.5,1840
30.730,9.6,1841
30.746,8.7,1842
30.763,7.8,1843
30.780,6.5,1844
30.797,5.3,1845
30.813,3.9,1846
30.830,2.5,1847
30.847,0.9,1848
30.863,-0.6,1849
30.880,-1.9,1850
30.897,-3.4,1851
30.913,-4.8,1852
30.930,-6.1,1853
30.947,-7.4,1854
30.963,-8.5,1855
30.980,-9.5,1856
30.997,-10.3,1857
31.014,-11.1,1858
31.030,-11.7,1859
31.047,-12.0,1860
31.064,-12.2,1861
31.080,-12.2,1862
31.097,-12.0,1863
31.114,-11.7,1864
31.130,-11.1,1865
31.147,-10.5,1866
31.164,-9.6,1867
31.180,-8.6,1868
31.197,-7.5,1869
31.214,-6.3,1870
31.231,-5.1,1871
31.247,-3.7,1872
31.264,-2.3,1873
31.281,-1.0,1874
31.297,0.5,1875
31.314,1.9,1876
31.331,3.1,1877
31.347,4.5,1878
31.364,5.9,1879
31.381,6.9,1880
31.397,7.8,1881
31.414,8.7,1882
31.431,9.6,1883
31.448,10.1,1884
31.464,10.5,1885
31.481,10.8,1886
31.498,10.8,1887
31.514,10.8,1888
31.531,10.4,1889
31.548,9.9,1890
31.564,9.3,1891
31.581,8.5,1892
31.598,7.6,1893
31.614,6.5,1894
31.631,5.5,1895
31.648,4.1,1896
31.665,3.0,1897
31.681,1.6,1898
31.698,0.3,1899
31.715,-1.1,1900
31.731,-2.4,1901
31.748,-3.8,1902
31.765,-5.1,1903
31.781,-6.2,1904
31.798,-7.2,1905
31.815,-8.3,1906
31.831,-9.0,1907
31.848,-10.0,1908
31.865,-10.4,1909
31.882,-11.0,1910
31.898,-11.1,1911
31.915,-11.3,1912
31.932,-11.1,1913
31.948,-11.0,1914
31.965,-10.6,1915
31.982,-10.1,1916
31.998,-9.2,1917
32.015,-8.5,1918
32.032,-7.5,1919
32.048,-6.6,1920
32.065,-5.4,1921
32.082,-4.2,1922
32.099,-2.9,1923
32.115,-1.7,1924
32.132,-0.3,1925
32.149,1.0,1926
32.165,2.2,1927
32.182,3.4,1928
32.199,4.6,1929
32.215,5.6,1930
32.232,6.6,1931
32.249,7.3,1932
32.265,8.3,1933
32.282,8.7,1934
32.299,9.2,1935
32.316,9.5,1936
32.332,9.6,1937
32.349,9.6,1938
32.366,9.5,1939
32.382,9.1,1940
32.399,8.5,1941
32.416,7.7,1942
32.432,7.1,1943
32.449,6.2,1944
32.466,5.2,1945
32.482,4.2,1946
32.499,3.0,1947
32.516,1.7,1948
32.533,0.4,1949
32.549,-0.7,1950
32.566,-2.0,1951
32.583,-3.3,1952
32.599,-4.2,1953
32.616,-5.5,1954
32.633,-6.4,1955
32.649,-7.3,1956
32.666,-8.2,1957
32.683,-8.8,1958
32.699,-9.5,1959
32.716,-10.1,1960
32.733,-10.3,1961
32.750,-10.5,1962
32.766,-10.4,1963
32.783,-10.3,1964
32.800,-10.0,1965
32.816,-9.6,1966
32.833,-8.9,1967
32.850,-8.3,1968
32.866,-7.4,1969
32.883,-6.5,1970
32.900,-5.4,1971
32.916,-4.2,1972
32.933,-3.3,1973
32.950,-2.1,1974
32.967,-0.9,1975
32.983,0.3,1976
33.000,1.5,1977
33.017,2.6,1978
33.033,3.6,1979
33.050,4.7,1980
33.067,5.6,1981
33.083,6.6,1982
33.100,7.2,1983
33.117,7.7,1984
33.133,8.3,1985
33.150,8.5,1986
33.167,8.7,1987
33.183,8.7,1988
33.200,8.7,1989
33.217,8.4,1990
33.234,7.8,1991
33.250,7.4,1992
33.267,6.9,1993
33.284,5.9,1994
33.300,5.0,1995
33.317,4.2,1996
33.334,3.1,1997
33.350,2.0,1998
33.367,1.1,1999
33.384,-0.2,2000
33.400,-1.3,2001
33.417,-2.5,2002
33.434,-3.4,2003
33.451,-4.5,2004
33.467,-5.4,2005
33.484,-6.3,2006
33.501,-7.1,2007
33.517,-7.8,2008
33.534,-8.3,2009
33.551,-8.9,2010
33.567,-9.1,2011
33.584,-9.4,2012
33.601,-9.3,2013
33.617,-9.3,2014
33.634,-9.0,2015
33.651,-8.6,2016
33.668,-8.1,2017
33.684,-7.5,2018
33.701,-6.8,2019
33.718,-6.1,2020
33.734,-5.2,2021
33.751,-4.3,2022
33.768,-3.3,2023
33.784,-2.2,2024
33.801,-1.2,2025
33.818,-0.1,2026
33.834,1.0,2027
33.851,2.0,2028
33.868,2.9,2029
33.885,4.0,2030
33.901,4.8,2031
33.918,5.5,2032
33.935,6.2,2033
33.951,6.7,2034
33.968,7.2,2035
33.985,7.6,2036
34.001,7.6,2037
34.018,7.6,2038
34.035,7.6,2039
34.051,7.4,2040
34.068,7.1,2041
34.085,6.6,2042
34.102,6.1,2043
34.118,5.4,2044
34.135,4.7,2045
34.152,4.0,2046
34.168,3.0,2047
34.185,2.1,2048
34.202,1.1,2049
34.218,0.1,2050
34.235,-0.9,2051
34.252,-1.9,2052
34.268,-3.0,2053
34.285,-3.8,2054
34.302,-4.8,2055
34.319,-5.6,2056
34.335,-6.4,2057
34.352,-7.1,2058
34.369,-7.5,2059
34.385,-8.0,2060
34.402,-8.3,2061
34.419,-8.5,2062
34.435,-8.7,2063
34.452,-8.5,2064
34.469,-8.4,2065
34.485,-8.0,2066
34.502,-7.7,2067
34.519,-7.0,2068
34.536,-6.6,2069
34.552,-5.8,2070
34.569,-5.0,2071
34.586,-4.2,2072
34.602,-3.4,2073
34.619,-2.5,2074
34.636,-1.6,2075
34.652,-0.6,2076
34.669,0.4,2077
34.686,1.4,2078
34.702,2.2,2079
34.719,3.1,2080
34.736,3.7,2081
34.753,4.5,2082
34.769,5.2,2083
34.786,5.8,2084
34.803,6.1,2085
34.819,6.4,2086
34.836,6.6,2087
34.853,6.7,2088
34.869,6.7,2089
34.886,6.6,2090
34.903,6.1,2091
34.919,6.0,2092
34.936,5.4,2093
34.953,4.9,2094
34.970,4.1,2095
34.986,3.5,2096
35.003,2.6,2097
35.020,1.7,2098
35.036,0.7,2099
35.053,0.0,2100
35.070,-0.9,2101
35.086,-1.8,2102
35.103,-2.7,2103
35.120,-3.5,2104
35.136,-4.2,2105
35.153,-4.9,2106
35.170,-5.7,2107
35.187,-6.2,2108
35.203,-6.7,2109
35.220,-7.0,2110
35.237,-7.4,2111
35.253,-7.5,2112
35.270,-7.7,2113
35.287,-7.6,2114
35.303,-7.7,2115
35.320,-7.3,2116
35.337,-7.0,2117
35.353,-6.6,2118
35.370,-6.1,2119
35.387,-5.5,2120
35.404,-4.8,2121
35.420,-4.0,2122
35.437,-3.3,2123
35.454,-2.4,2124
35.470,-1.5,2125
35.487,-0.7,2126
35.504,0.1,2127
35.520,1.0,2128
35.537,1.8,2129
35.554,2.5,2130
35.570,3.2,2131
35.587,3.8,2132
35.604,4.5,2133
35.621,4.9,2134
35.637,5.2,2135
35.654,5.6,2136
35.671,5.7,2137
35.687,5.8,2138
35.704,5.7,2139
35.721,5.7,2140
35.737,5.5,2141
35.754,5.1,2142
35.771,4.6,2143
35.787,4.1,2144
35.804,3.5,2145
35.821,3.0,2146
35.838,2.4,2147
35.854,1.5,2148
35.871,0.7,2149
35.888,-0.2,2150
35.904,-0.9,2151
35.921,-1.7,2152
35.938,-2.5,2153
35.954,-3.1,2154
35.971,-3.9,2155
35.988,-4.6,2156
36.004,-5.2,2157
36.021,-5.6,2158
36.038,-6.1,2159
36.055,-6.5,2160
36.071,-6.7,2161
36.088,-7.0,2162
36.105,-7.1,2163
36.121,-7.1,2164
36.138,-6.9,2165
36.155,-6.7,2166
36.171,-6.4,2167
36.188,-6.0,2168
36.205,-5.5,2169
36.221,-4.9,2170
36.238,-4.4,2171
36.255,-3.8,2172
36.271,-3.2,2173
36.288,-2.4,2174
36.305,-1.6,2175
36.322,-0.9,2176
36.338,-0.2,2177
36.355,0.6,2178
36.372,1.2,2179
36.388,1.9,2180
36.405,2.5,2181
36.422,3.1,2182
36.438,3.7,2183
36.455,4.1,2184
36.472,4.5,2185
36.488,4.8,2186
36.505,4.8,2187
36.522,4.9,2188
36.539,4.9,2189
36.555,4.8,2190
36.572,4.7,2191
36.589,4.3,2192
36.605,4.1,2193
36.622,3.6,2194
36.639,3.2,2195
36.655,2.5,2196
36.672,1.9,2197
36.689,1.3,2198
36.705,0.6,2199
36.722,-0.0,2200
36.739,-0.6,2201
36.756,-1.5,2202
36.772,-2.1,2203
36.789,-2.7,2204
36.806,-3.3,2205
36.822,-3.9,2206
36.839,-4.4,2207
36.856,-4.7,2208
36.872,-5.2,2209
36.889,-5.6,2210
36.906,-5.7,2211
36.922,-6.0,2212
36.939,-6.0,2213
36.956,-5.9,2214
36.973,-5.9,2215
36.989,-5.6,2216
37.006,-5.3,2217
37.023,-5.0,2218
37.039,-4.5,2219
37.056,-4.1,2220
37.073,-3.7,2221
37.089,-3.1,2222
37.106,-2.6,2223
37.123,-1.8,2224
37.139,-1.2,2225
37.156,-0.5,2226
37.173,0.2,2227
37.190,0.7,2228
37.206,1.4,2229
37.223,1.9,2230
37.240,2.5,2231
37.256,2.9,2232
37.273,3.5,2233
37.290,3.9,2234
37.306,4.2,2235
37.323,4.3,2236
37.340,4.5,2237
37.356,4.5,2238
37.373,4.5,2239
37.390,4.4,2240
37.407,4.3,2241
37.423,4.0,2242
37.440,3.7,2243
37.457,3.3,2244
37.473,2.7,2245
37.490,2.2,2246
37.507,1.9,2247
37.523,1.3,2248
37.540,0.7,2249
37.557,0.1,2250
37.573,-0.5,2251
37.590,-1.1,2252
37.607,-1.7,2253
37.624,-2.4,2254
37.640,-2.8,2255
37.657,-3.3,2256
37.674,-3.8,2257
37.690,-4.1,2258
37.707,-4.4,2259
37.724,-4.7,2260
37.740,-4.9,2261
37.757,-5.0,2262
37.774,-5.0,2263
37.790,-5.1,2264
37.807,-4.9,2265
37.824,-4.9,2266
37.841,-4.5,2267
37.857,-4.3,2268
37.874,-3.9,2269
37.891,-3.5,2270
37.907,-3.0,2271
37.924,-2.5,2272
37.941,-1.9,2273
37.957,-1.6,2274
37.974,-0.9,2275
37.991,-0.4,2276
38.007,0.2,2277
38.024,0.6,2278
38.041,1.3,2279
38.058,1.5,2280
38.074,2.2,2281
38.091,2.6,2282
38.108,2.9,2283
38.124,3.2,2284
38.141,3.5,2285
38.158,3.6,2286
38.174,3.7,2287
38.191,3.7,2288
38.208,3.8,2289
38.224,3.5,2290
38.241,3.5,2291
38.258,3.1,2292
38.275,2.9,2293
38.291,2.5,2294
38.308,2.3,2295
38.325,1.6,2296
38.341,1.2,2297
38.358,0.7,2298
38.375,0.2,2299
38.391,-0.2,2300
38.408,-0.8,2301
38.425,-1.3,2302
38.441,-1.7,2303
38.458,-2.3,2304
38.475,-2.7,2305
38.492,-3.2,2306
38.508,-3.4,2307
38.525,-3.9,2308
38.542,-4.0,2309
38.558,-4.2,2310
38.575,-4.3,2311
38.592,-4.4,2312
38.608,-4.5,2313
38.625,-4.5,2314
38.642,-4.4,2315
38.658,-4.3,2316
38.675,-4.0,2317
38.692,-3.8,2318
38.709,-3.4,2319
38.725,-3.0,2320
38.742,-2.6,2321
38.759,-2.2,2322
38.775,-1.8,2323
38.792,-1.4,2324
38.809,-0.8,2325
38.825,-0.4,2326
38.842,0.1,2327
38.859,0.5,2328
38.875,0.9,2329
38.892,1.3,2330
38.909,1.7,2331
38.926,2.0,2332
38.942,2.2,2333
38.959,2.5,2334
38.976,2.6,2335
38.992,2.7,2336
39.009,2.8,2337
39.026,2.8,2338
39.042,2.8,2339
39.059,2.7,2340
39.076,2.4,2341
39.092,2.3,2342
39.109,2.1,2343
39.126,1.8,2344
39.143,1.4,2345
39.159,1.0,2346
39.176,0.6,2347
39.193,0.3,2348
39.209,-0.2,2349
39.226,-0.6,2350
39.243,-1.1,2351
39.259,-1.4,2352
39.276,-1.8,2353
39.293,-2.2,2354
39.309,-2.6,2355
39.326,-2.9,2356
39.343,-3.1,2357
39.359,-3.3,2358
39.376,-3.6,2359
39.393,-3.8,2360
39.410,-3.9,2361
39.426,-3.9,2362
39.443,-3.9,2363
39.460,-3.8,2364
39.476,-3.7,2365
39.493,-3.4,2366
39.510,-3.3,2367
39.526,-3.0,2368
39.543,-2.7,2369
39.560,-2.3,2370
39.576,-2.0,2371
39.593,-1.6,2372
39.610,-1.2,2373
39.627,-0.8,2374
39.643,-0.6,2375
39.660,-0.1,2376
39.677,0.2,2377
39.693,0.5,2378
39.710,0.9,2379
39.727,1.2,2380
39.743,1.4,2381
39.760,1.7,2382
39.777,1.8,2383
39.793,2.0,2384
39.810,2.0,2385
39.827,2.1,2386
39.844,2.0,2387
39.860,2.0,2388
39.877,2.0,2389
39.894,1.9,2390
39.910,1.6,2391
39.927,1.6,2392
39.944,1.3,2393
39.960,1.1,2394
39.977,0.7,2395
39.994,0.4,2396
40.010,0.0,2397
40.027,-0.2,2398
40.044,-0.6,2399
40.061,-0.9,2400
40.077,-1.4,2401
40.094,-1.6,2402
40.111,-2.0,2403
40.127,-2.2,2404
40.144,-2.5,2405
40.161,-2.8,2406
40.177,-2.8,2407
40.194,-3.0,2408
40.211,-3.2,2409
40.227,-3.2,2410
40.244,-3.3,2411
40.261,-3.2,2412
40.278,-3.2,2413
40.294,-3.1,2414
40.311,-3.0,2415
40.328,-2.8,2416
40.344,-2.6,2417
40.361,-2.4,2418
40.378,-2.1,2419
40.394,-1.8,2420
40.411,-1.5,2421
40.428,-1.3,2422
40.444,-0.9,2423
40.461,-0.6,2424
40.478,-0.3,2425
40.495,-0.0,2426
40.511,0.2,2427
40.528,0.5,2428
40.545,0.7,2429
40.561,1.0,2430
40.578,1.1,2431
40.595,1.2,2432
40.611,1.4,2433
40.628,1.4,2434
40.645,1.4,2435
40.661,1.5,2436
40.678,1.4,2437
40.695,1.4,2438
40.712,1.3,2439
40.728,1.0,2440
40.745,0.9,2441
40.762,0.7,2442
40.778,0.5,2443
40.795,0.3,2444
40.812,-0.0,2445
40.828,-0.3,2446
40.845,-0.6,2447
40.862,-0.8,2448
40.878,-1.1,2449
40.895,-1.4,2450
40.912,-1.6,2451
40.929,-1.8,2452
40.945,-2.1,2453
40.962,-2.2,2454
40.979,-2.4,2455
40.995,-2.5,2456
41.012,-2.6,2457
41.029,-2.7,2458
41.045,-2.8,2459
41.062,-2.8,2460
41.079,-2.8,2461
41.095,-2.7,2462
41.112,-2.6,2463
41.129,-2.4,2464
41.146,-2.3,2465
41.162,-2.1,2466
41.179,-1.9,2467
41.196,-1.7,2468
41.212,-1.5,2469
41.229,-1.3,2470
41.246,-1.1,2471
41.262,-0.8,2472
41.279,-0.7,2473
41.296,-0.3,2474
41.312,-0.1,2475
41.329,0.1,2476
41.346,0.3,2477
41.363,0.5,2478
41.379,0.6,2479
41.396,0.8,2480
41.413,0.8,2481
41.429,0.9,2482
41.446,0.9,2483
41.463,1.0,2484
41.479,1.0,2485
41.496,1.0,2486
41.513,0.9,2487
41.529,0.8,2488
41.546,0.6,2489
41.563,0.5,2490
41.580,0.4,2491
41.596,0.2,2492
41.613,0.0,2493
41.630,-0.2,2494
41.646,-0.4,2495
41.663,-0.6,2496
41.680,-0.8,2497
41.696,-1.0,2498
41.713,-1.2,2499
41.730,-1.4,2500
41.746,-1.6,2501
41.763,-1.7,2502
41.780,-1.8,2503
41.797,-1.9,2504
41.813,-2.1,2505
41.830,-2.2,2506
41.847,-2.3,2507
41.863,-2.3,2508
41.880,-2.3,2509
41.897,-2.2,2510
41.913,-2.2,2511
41.930,-2.2,2512
41.947,-2.0,2513
41.963,-1.9,2514
41.980,-1.8,2515
41.997,-1.6,2516
42.014,-1.4,2517
42.030,-1.3,2518
42.047,-1.1,2519
42.064,-0.9,2520
42.080,-0.7,2521
42.097,-0.5,2522
42.114,-0.3,2523
42.130,-0.1,2524
42.147,0.0,2525
42.164,0.1,2526
42.180,0.2,2527
42.197,0.3,2528
42.214,0.4,2529
42.231,0.4,2530
42.247,0.5,2531
42.264,0.5,2532
42.281,0.4,2533
42.297,0.4,2534
42.314,0.3,2535
42.331,0.2,2536
42.347,0.1,2537
42.364,-0.0,2538
42.381,-0.2,2539
42.397,-0.4,2540
42.414,-0.4,2541
42.431,-0.7,2542
42.448,-0.8,2543
42.464,-0.9,2544
42.481,-1.1,2545
42.498,-1.3,2546
42.514,-1.3,2547
42.531,-1.5,2548
42.548,-1.6,2549
42.564,-1.7,2550
42.581,-1.8,2551
42.598,-1.9,2552
42.614,-1.9,2553
42.631,-1.9,2554
42.648,-1.9,2555
42.664,-1.9,2556
42.681,-1.9,2557
42.698,-1.8,2558
42.715,-1.8,2559
42.731,-1.8,2560
42.748,-1.7,2561
42.765,-1.5,2562
42.781,-1.5,2563
42.798,-1.4,2564
42.815,-1.2,2565
42.831,-1.0,2566
42.848,-0.9,2567
42.865,-0.8,2568
42.881,-0.7,2569
42.898,-0.5,2570
42.915,-0.4,2571
42.932,-0.4,2572
42.948,-0.3,2573
42.965,-0.1,2574
42.982,-0.2,2575
42.998,-0.1,2576
