,mass A,,
t,θ,frame,
2.871,-38.0,172
2.888,-40.0,173
2.904,-35.2,174
2.921,-15.1,175
2.938,-23.9,176
2.954,-23.9,177
2.971,-19.4,178
2.988,4.1,179
3.005,-5.7,180
3.021,-10.4,181
3.038,-0.8,182
3.055,21.9,183
3.071,13.3,184
3.088,8.7,185
3.105,17.7,186
3.121,35.2,187
3.138,29.5,188
3.155,25.9,189
3.171,32.7,190
3.188,32.7,191
3.205,39.0,192
3.222,37.4,193
3.238,37.3,194
3.255,40.0,195
3.272,40.6,196
3.288,40.5,197
3.305,39.9,198
3.322,38.7,199
3.338,37.0,200
3.355,34.7,201
3.372,31.9,202
3.388,28.8,203
3.405,25.2,204
3.422,21.4,205
3.439,17.6,206
3.455,13.2,207
3.472,9.0,208
3.489,4.4,209
3.505,-0.4,210
3.522,-5.2,211
3.539,-10.0,212
3.555,-14.6,213
3.572,-19.1,214
3.589,-23.2,215
3.605,-27.1,216
3.622,-30.5,217
3.639,-33.5,218
3.656,-36.2,219
3.672,-38.1,220
3.689,-39.6,221
3.706,-40.3,222
3.722,-40.6,223
3.739,-40.3,224
3.756,-39.4,225
3.772,-38.0,226
3.789,-35.8,227
3.806,-33.3,228
3.822,-30.2,229
3.839,-26.8,230
3.856,-23.0,231
3.873,-18.7,232
3.889,-14.2,233
3.906,-9.7,234
3.923,-5.0,235
3.939,-0.3,236
3.956,4.4,237
3.973,9.1,238
3.989,13.8,239
4.006,18.0,240
4.023,22.0,241
4.039,25.8,242
4.056,29.3,243
4.073,32.4,244
4.090,36.8,245
4.106,39.2,246
4.123,40.9,247
4.140,42.2,248
4.156,42.8,249
4.173,42.7,250
4.190,42.2,251
4.206,40.9,252
4.223,39.1,253
4.240,36.8,254
4.256,34.0,255
4.273,30.2,256
4.290,27.1,257
4.307,22.8,258
4.323,18.5,259
4.340,14.0,260
4.357,9.1,261
4.373,4.1,262
4.390,-0.7,263
4.407,-5.6,264
4.423,-10.3,265
4.440,-15.1,266
4.457,-19.6,267
4.473,-23.6,268
4.490,-27.4,269
4.507,-30.7,270
4.523,-33.3,271
4.540,-35.7,272
4.557,-37.4,273
4.574,-38.6,274
4.590,-39.3,275
4.607,-39.2,276
4.624,-38.7,277
4.640,-37.6,278
4.657,-36.1,279
4.674,-33.9,280
4.690,-31.1,281
4.707,-28.1,282
4.724,-24.5,283
4.740,-20.7,284
4.757,-16.5,285
4.774,-12.0,286
4.791,-7.4,287
4.807,-2.8,288
4.824,2.1,289
4.841,6.7,290
4.857,11.4,291
4.874,15.8,292
4.891,20.2,293
4.907,24.4,294
4.924,28.1,295
4.941,31.5,296
4.957,34.6,297
4.974,37.0,298
4.991,38.9,299
5.008,40.4,300
5.024,41.1,301
5.041,41.4,302
5.058,41.1,303
5.074,40.3,304
5.091,38.8,305
5.108,36.9,306
5.124,34.5,307
5.141,31.6,308
5.158,28.3,309
5.174,24.6,310
5.191,20.6,311
5.208,16.4,312
5.225,11.7,313
5.241,7.1,314
5.258,2.0,315
5.275,-2.7,316
5.291,-7.6,317
5.308,-12.0,318
5.325,-16.5,319
5.341,-20.5,320
5.358,-24.5,321
5.375,-27.9,322
5.391,-30.9,323
5.408,-33.4,324
5.425,-35.5,325
5.442,-37.0,326
5.458,-38.0,327
5.475,-38.2,328
5.492,-38.2,329
5.508,-37.5,330
5.525,-36.3,331
5.542,-34.4,332
5.558,-32.2,333
5.575,-29.4,334
5.592,-26.2,335
5.608,-22.6,336
5.625,-18.9,337
5.642,-14.7,338
5.659,-10.6,339
5.675,-6.1,340
5.692,-1.7,341
5.709,2.8,342
5.725,6.9,343
5.742,11.2,344
5.759,15.4,345
5.775,19.4,346
5.792,23.0,347
5.809,27.9,348
5.825,31.2,349
5.842,34.0,350
5.859,36.3,351
5.876,38.0,352
5.892,39.3,353
5.909,39.8,354
5.926,39.7,355
5.942,39.3,356
5.959,38.5,357
5.976,36.6,358
5.992,34.6,359
6.009,32.2,360
6.026,29.0,361
6.042,25.7,362
6.059,21.9,363
6.076,17.4,364
6.093,13.1,365
6.109,8.6,366
6.126,3.9,367
6.143,-0.6,368
6.159,-5.2,369
6.176,-9.6,370
6.193,-13.9,371
6.209,-17.9,372
6.226,-22.0,373
6.243,-25.5,374
6.259,-28.8,375
6.276,-31.6,376
6.293,-33.8,377
6.310,-35.5,378
6.326,-36.7,379
6.343,-37.4,380
6.360,-37.3,381
6.376,-37.0,382
6.393,-35.9,383
6.410,-34.4,384
6.426,-32.2,385
6.443,-29.9,386
6.460,-26.7,387
6.476,-23.6,388
6.493,-19.9,389
6.510,-15.9,390
6.527,-11.8,391
6.543,-7.6,392
6.560,-3.2,393
6.577,1.3,394
6.593,5.7,395
6.610,9.3,396
6.627,14.3,397
6.643,18.3,398
6.660,22.2,399
6.677,25.8,400
6.693,29.4,401
6.710,32.2,402
6.727,34.7,403
6.744,36.5,404
6.760,37.9,405
6.777,38.7,406
6.794,38.9,407
6.810,38.7,408
6.827,37.9,409
6.844,36.6,410
6.860,34.8,411
6.877,32.4,412
6.894,29.6,413
6.910,26.5,414
6.927,23.1,415
6.944,19.1,416
6.961,14.9,417
6.977,10.5,418
6.994,5.9,419
7.011,1.6,420
7.027,-2.8,421
7.044,-7.3,422
7.061,-11.6,423
7.077,-15.7,424
7.094,-19.6,425
7.111,-23.2,426
7.127,-26.4,427
7.144,-29.3,428
7.161,-31.8,429
7.178,-33.7,430
7.194,-35.1,431
7.211,-36.0,432
7.228,-36.1,433
7.244,-35.9,434
7.261,-35.2,435
7.278,-34.0,436
7.294,-32.1,437
7.311,-29.9,438
7.328,-27.1,439
7.344,-24.0,440
7.361,-20.6,441
7.378,-17.0,442
7.395,-13.0,443
7.411,-9.0,444
7.428,-4.6,445
7.445,-0.4,446
7.461,3.8,447
7.478,7.9,448
7.495,12.3,449
7.511,16.4,450
7.528,20.3,451
7.545,23.8,452
7.561,27.1,453
7.578,29.9,454
7.595,32.5,455
7.611,34.5,456
7.628,36.0,457
7.645,37.0,458
7.662,37.5,459
7.678,37.5,460
7.695,37.0,461
7.712,36.0,462
7.728,34.5,463
7.745,32.4,464
7.762,30.0,465
7.778,27.2,466
7.795,24.0,467
7.812,20.3,468
7.828,16.4,469
7.845,11.4,470
7.862,7.3,471
7.879,3.0,472
7.895,-1.1,473
7.912,-5.5,474
7.929,-9.6,475
7.945,-13.7,476
7.962,-17.5,477
7.979,-21.2,478
7.995,-24.4,479
8.012,-27.5,480
8.029,-30.0,481
8.045,-32.1,482
8.062,-33.5,483
8.079,-34.5,484
8.096,-35.0,485
8.112,-35.0,486
8.129,-34.3,487
8.146,-33.1,488
8.162,-31.8,489
8.179,-29.7,490
8.196,-27.1,491
8.212,-24.4,492
8.229,-21.0,493
8.246,-17.8,494
8.262,-14.0,495
8.279,-10.1,496
8.296,-6.1,497
8.313,-2.0,498
8.329,2.1,499
8.346,6.4,500
8.363,10.8,501
8.379,14.5,502
8.396,18.4,503
8.413,21.9,504
8.429,25.4,505
8.446,28.4,506
8.463,31.0,507
8.479,32.9,508
8.496,34.6,509
8.513,35.7,510
8.530,36.4,511
8.546,36.5,512
8.563,36.2,513
8.580,35.3,514
8.596,33.9,515
8.613,32.0,516
8.630,29.6,517
8.646,26.9,518
8.663,23.8,519
8.680,20.3,520
8.696,16.8,521
8.713,11.9,522
8.730,7.9,523
8.747,3.8,524
8.763,-0.3,525
8.780,-4.5,526
8.797,-8.6,527
8.813,-12.6,528
8.830,-16.2,529
8.847,-19.8,530
8.863,-23.0,531
8.880,-26.0,532
8.897,-28.6,533
8.913,-30.6,534
8.930,-32.2,535
8.947,-33.2,536
8.964,-33.7,537
8.980,-33.7,538
8.997,-33.3,539
9.014,-32.4,540
9.030,-30.8,541
9.047,-28.9,542
9.064,-26.5,543
9.080,-24.0,544
9.097,-20.8,545
9.114,-17.5,546
9.130,-13.9,547
9.147,-10.1,548
9.164,-6.3,549
9.181,-2.1,550
9.197,1.7,551
9.214,5.8,552
9.231,9.8,553
9.247,13.8,554
9.264,17.4,555
9.281,20.6,556
9.297,23.8,557
9.314,26.9,558
9.331,29.4,559
9.347,31.2,560
9.364,33.2,561
9.381,34.4,562
9.398,35.1,563
9.414,35.4,564
9.431,35.0,565
9.448,34.3,566
9.464,33.1,567
9.481,31.3,568
9.498,29.1,569
9.514,26.7,570
9.531,23.8,571
9.548,20.6,572
9.564,16.0,573
9.581,12.2,574
9.598,8.3,575
9.615,4.4,576
9.631,0.4,577
9.648,-3.7,578
9.665,-7.6,579
9.681,-11.4,580
9.698,-15.2,581
9.715,-18.7,582
9.731,-21.9,583
9.748,-24.8,584
9.765,-27.4,585
9.781,-29.4,586
9.798,-31.1,587
9.815,-32.1,588
9.832,-32.7,589
9.848,-32.7,590
9.865,-32.5,591
9.882,-31.5,592
9.898,-30.3,593
9.915,-28.3,594
9.932,-26.3,595
9.948,-23.6,596
9.965,-20.8,597
9.982,-17.6,598
9.998,-14.0,599
10.015,-10.4,600
10.032,-6.6,601
10.049,-2.8,602
10.065,1.1,603
10.082,5.1,604
10.099,8.9,605
10.115,12.7,606
10.132,16.4,607
10.149,19.8,608
10.165,23.0,609
10.182,25.8,610
10.199,28.4,611
10.215,30.5,612
10.232,32.2,613
10.249,33.3,614
10.266,34.1,615
10.282,34.3,616
10.299,34.2,617
10.316,33.4,618
10.332,32.2,619
10.349,30.6,620
10.366,28.6,621
10.382,26.2,622
10.399,23.3,623
10.416,20.2,624
10.432,16.9,625
10.449,12.1,626
10.466,8.2,627
10.482,4.4,628
10.499,0.6,629
10.516,-3.3,630
10.533,-7.1,631
10.549,-10.8,632
10.566,-14.5,633
10.583,-17.9,634
10.599,-21.0,635
10.616,-23.8,636
10.633,-26.2,637
10.649,-28.2,638
10.666,-29.8,639
10.683,-30.8,640
10.699,-31.5,641
10.716,-31.6,642
10.733,-31.2,643
10.750,-30.4,644
10.766,-29.1,645
10.783,-27.3,646
10.800,-25.2,647
10.816,-22.8,648
10.833,-20.1,649
10.850,-16.9,650
10.866,-13.6,651
10.883,-10.1,652
10.900,-6.5,653
10.916,-2.5,654
10.933,1.3,655
10.950,4.9,656
10.967,8.7,657
10.983,12.4,658
11.000,15.8,659
11.017,19.1,660
11.033,22.2,661
11.050,25.0,662
11.067,27.6,663
11.083,29.6,664
11.100,31.1,665
11.117,32.3,666
11.133,33.0,667
11.150,33.2,668
11.167,33.0,669
11.184,32.3,670
11.200,31.2,671
11.217,29.7,672
11.234,27.6,673
11.250,25.2,674
11.267,22.6,675
11.284,19.6,676
11.300,16.2,677
11.317,12.4,678
11.334,8.0,679
11.350,4.3,680
11.367,0.4,681
11.384,-3.4,682
11.401,-7.2,683
11.417,-10.7,684
11.434,-14.3,685
11.451,-17.4,686
11.467,-20.4,687
11.484,-23.1,688
11.501,-25.5,689
11.517,-27.4,690
11.534,-29.0,691
11.551,-29.9,692
11.567,-30.4,693
11.584,-30.5,694
11.601,-30.0,695
11.618,-29.4,696
11.634,-28.1,697
11.651,-26.4,698
11.668,-24.3,699
11.684,-21.7,700
11.701,-19.1,701
11.718,-15.9,702
11.734,-12.7,703
11.751,-9.3,704
11.768,-5.8,705
11.784,-2.0,706
11.801,1.6,707
11.818,5.2,708
11.835,8.8,709
11.851,12.4,710
11.868,15.7,711
11.885,19.0,712
11.901,21.8,713
11.918,24.5,714
11.935,26.8,715
11.951,28.6,716
11.968,30.2,717
11.985,31.3,718
12.001,31.9,719
12.018,32.1,720
12.035,31.8,721
12.052,31.2,722
12.068,30.0,723
12.085,28.3,724
12.102,26.3,725
12.118,24.1,726
12.135,21.3,727
12.152,18.1,728
12.168,14.9,729
12.185,11.2,730
12.202,7.6,731
12.218,3.9,732
12.235,0.3,733
12.252,-3.4,734
12.269,-7.1,735
12.285,-10.6,736
12.302,-13.9,737
12.319,-17.0,738
12.335,-20.0,739
12.352,-22.5,740
12.369,-24.8,741
12.385,-26.6,742
12.402,-28.0,743
12.419,-29.0,744
12.435,-29.4,745
12.452,-29.4,746
12.469,-29.1,747
12.486,-28.2,748
12.502,-26.8,749
12.519,-25.3,750
12.536,-23.1,751
12.552,-20.6,752
12.569,-18.0,753
12.586,-15.0,754
12.602,-11.9,755
12.619,-8.7,756
12.636,-5.1,757
12.652,-1.5,758
12.669,2.1,759
12.686,5.6,760
12.703,9.0,761
12.719,12.4,762
12.736,15.8,763
12.753,18.7,764
12.769,21.6,765
12.786,24.1,766
12.803,26.2,767
12.819,28.1,768
12.836,29.5,769
12.853,30.5,770
12.869,31.0,771
12.886,31.1,772
12.903,30.6,773
12.920,30.0,774
12.936,28.8,775
12.953,27.3,776
12.970,25.3,777
12.986,22.8,778
13.003,20.3,779
13.020,17.0,780
13.036,13.3,781
13.053,9.8,782
13.070,6.4,783
13.086,2.9,784
13.103,-0.7,785
13.120,-4.2,786
13.137,-7.6,787
13.153,-11.0,788
13.170,-14.1,789
13.187,-17.2,790
13.203,-19.8,791
13.220,-22.4,792
13.237,-24.3,793
13.253,-26.1,794
13.270,-27.2,795
13.287,-28.2,796
13.303,-28.5,797
13.320,-28.5,798
13.337,-28.0,799
13.354,-27.0,800
13.370,-25.7,801
13.387,-24.0,802
13.404,-21.8,803
13.420,-19.6,804
13.437,-16.8,805
13.454,-13.9,806
13.470,-10.9,807
13.487,-7.6,808
13.504,-4.3,809
13.520,-0.9,810
13.537,2.6,811
13.554,5.7,812
13.570,9.1,813
13.587,12.4,814
13.604,15.6,815
13.621,18.6,816
13.637,21.2,817
13.654,23.6,818
13.671,25.6,819
13.687,27.2,820
13.704,28.6,821
13.721,29.5,822
13.737,29.9,823
13.754,29.9,824
13.771,29.4,825
13.787,28.4,826
13.804,27.4,827
13.821,25.7,828
13.838,23.6,829
13.854,21.1,830
13.871,18.7,831
13.888,15.3,832
13.904,11.7,833
13.921,8.6,834
13.938,5.2,835
13.954,1.8,836
13.971,-1.5,837
13.988,-5.0,838
14.004,-8.3,839
14.021,-11.5,840
14.038,-14.5,841
14.055,-17.2,842
14.071,-19.9,843
14.088,-22.2,844
14.105,-24.1,845
14.121,-25.6,846
14.138,-26.7,847
14.155,-27.5,848
14.171,-27.6,849
14.188,-27.5,850
14.205,-26.9,851
14.221,-25.9,852
14.238,-24.5,853
14.255,-22.9,854
14.272,-20.7,855
14.288,-18.2,856
14.305,-15.5,857
14.322,-12.6,858
14.338,-9.5,859
14.355,-6.5,860
14.372,-3.2,861
14.388,0.2,862
14.405,3.3,863
14.422,6.7,864
14.438,10.0,865
14.455,12.9,866
14.472,16.0,867
14.489,18.5,868
14.505,21.0,869
14.522,23.5,870
14.539,25.1,871
14.555,26.7,872
14.572,27.3,873
14.589,28.6,874
14.605,28.8,875
14.622,28.8,876
14.639,28.3,877
14.655,27.3,878
14.672,25.8,879
14.689,24.0,880
14.706,22.1,881
14.722,19.7,882
14.739,16.7,883
14.756,13.7,884
14.772,10.8,885
14.789,7.5,886
14.806,4.1,887
14.822,0.8,888
14.839,-2.4,889
14.856,-5.7,890
14.872,-8.8,891
14.889,-11.9,892
14.906,-14.8,893
14.923,-17.5,894
14.939,-19.8,895
14.956,-21.9,896
14.973,-23.7,897
14.989,-25.0,898
15.006,-26.0,899
15.023,-26.4,900
15.039,-26.6,901
15.056,-26.4,902
15.073,-25.6,903
15.089,-24.6,904
15.106,-22.9,905
15.123,-21.2,906
15.140,-19.2,907
15.156,-16.6,908
15.173,-14.1,909
15.190,-11.2,910
15.206,-8.1,911
15.223,-4.9,912
15.240,-1.7,913
15.256,1.5,914
15.273,4.7,915
15.290,7.8,916
15.306,10.9,917
15.323,13.8,918
15.340,16.7,919
15.357,19.2,920
15.373,21.3,921
15.390,23.5,922
15.407,25.2,923
15.423,26.4,924
15.440,27.4,925
15.457,28.0,926
15.473,28.0,927
15.490,27.9,928
15.507,27.2,929
15.523,26.1,930
15.540,24.8,931
15.557,23.0,932
15.574,20.7,933
15.590,17.3,934
15.607,14.7,935
15.624,11.8,936
15.640,8.8,937
15.657,5.7,938
15.674,2.6,939
15.690,-0.5,940
15.707,-3.8,941
15.724,-6.7,942
15.740,-9.7,943
15.757,-12.6,944
15.774,-15.4,945
15.791,-17.7,946
15.807,-20.1,947
15.824,-21.8,948
15.841,-23.5,949
15.857,-24.6,950
15.874,-25.3,951
15.891,-25.7,952
15.907,-25.6,953
15.924,-25.1,954
15.941,-24.4,955
15.957,-23.0,956
15.974,-21.6,957
15.991,-19.7,958
16.008,-17.4,959
16.024,-15.0,960
16.041,-12.3,961
16.058,-9.6,962
16.074,-6.6,963
16.091,-3.5,964
16.108,-0.5,965
16.124,2.6,966
16.141,5.8,967
16.158,8.7,968
16.174,11.4,969
16.191,14.4,970
16.208,17.0,971
16.225,19.4,972
16.241,21.4,973
16.258,23.3,974
16.275,24.7,975
16.291,25.8,976
16.308,26.5,977
16.325,26.9,978
16.341,26.9,979
16.358,26.6,980
16.375,25.8,981
16.391,24.5,982
16.408,22.9,983
16.425,21.3,984
16.442,18.2,985
16.458,15.7,986
16.475,13.1,987
16.492,10.4,988
16.508,7.4,989
16.525,4.5,990
16.542,1.3,991
16.558,-1.8,992
16.575,-4.8,993
16.592,-7.8,994
16.608,-10.7,995
16.625,-13.4,996
16.642,-15.8,997
16.658,-18.1,998
16.675,-20.0,999
16.692,-21.8,1000
16.709,-23.2,1001
16.725,-23.9,1002
16.742,-24.6,1003
16.759,-24.6,1004
16.775,-24.4,1005
16.792,-23.8,1006
16.809,-22.8,1007
16.825,-21.4,1008
16.842,-19.8,1009
16.859,-17.7,1010
16.875,-15.6,1011
16.892,-13.2,1012
16.909,-10.4,1013
16.926,-7.7,1014
16.942,-4.7,1015
16.959,-1.9,1016
16.976,1.0,1017
16.992,4.1,1018
17.009,7.0,1019
17.026,9.7,1020
17.042,12.7,1021
17.059,15.1,1022
17.076,17.4,1023
17.092,19.5,1024
17.109,21.5,1025
17.126,23.3,1026
17.143,24.3,1027
17.159,25.3,1028
17.176,25.7,1029
17.193,26.1,1030
17.209,25.7,1031
17.226,25.2,1032
17.243,24.2,1033
17.259,22.4,1034
17.276,21.0,1035
17.293,19.0,1036
17.309,16.5,1037
17.326,13.9,1038
17.343,11.2,1039
17.360,8.4,1040
17.376,5.5,1041
17.393,2.7,1042
17.410,-0.3,1043
17.426,-3.3,1044
17.443,-6.2,1045
17.460,-9.0,1046
17.476,-11.6,1047
17.493,-14.1,1048
17.510,-16.4,1049
17.526,-18.5,1050
17.543,-20.2,1051
17.560,-21.7,1052
17.577,-22.9,1053
17.593,-23.4,1054
17.610,-23.9,1055
17.627,-23.8,1056
17.643,-23.3,1057
17.660,-22.7,1058
17.677,-21.5,1059
17.693,-19.9,1060
17.710,-18.4,1061
17.727,-16.3,1062
17.743,-14.0,1063
17.760,-11.5,1064
17.777,-8.9,1065
17.794,-6.2,1066
17.810,-3.2,1067
17.827,-0.4,1068
17.844,2.4,1069
17.860,5.5,1070
17.877,8.1,1071
17.894,10.8,1072
17.910,13.3,1073
17.927,15.9,1074
17.944,18.0,1075
17.960,20.0,1076
17.977,21.7,1077
17.994,23.0,1078
18.011,24.0,1079
18.027,24.7,1080
18.044,24.9,1081
18.061,24.9,1082
18.077,24.6,1083
18.094,23.8,1084
18.111,22.6,1085
18.127,20.9,1086
18.144,19.1,1087
18.161,17.0,1088
18.177,14.5,1089
18.194,11.8,1090
18.211,9.3,1091
18.228,6.6,1092
18.244,3.8,1093
18.261,0.9,1094
18.278,-1.9,1095
18.294,-4.8,1096
18.311,-7.6,1097
18.328,-10.2,1098
18.344,-12.6,1099
18.361,-15.0,1100
18.378,-17.0,1101
18.394,-18.8,1102
18.411,-20.3,1103
18.428,-21.6,1104
18.445,-22.4,1105
18.461,-22.9,1106
18.478,-22.9,1107
18.495,-22.6,1108
18.511,-22.0,1109
18.528,-21.0,1110
18.545,-19.7,1111
18.561,-18.2,1112
18.578,-16.3,1113
18.595,-14.2,1114
18.611,-11.9,1115
18.628,-9.5,1116
18.645,-6.7,1117
18.662,-4.0,1118
18.678,-1.3,1119
18.695,1.3,1120
18.712,4.4,1121
18.728,7.0,1122
18.745,9.5,1123
18.762,12.1,1124
18.778,14.4,1125
18.795,16.7,1126
18.812,18.5,1127
18.828,20.3,1128
18.845,21.8,1129
18.862,22.9,1130
18.879,23.8,1131
18.895,24.1,1132
18.912,24.3,1133
18.929,24.1,1134
18.945,23.4,1135
18.962,22.4,1136
18.979,21.1,1137
18.995,19.6,1138
19.012,17.4,1139
19.029,14.8,1140
19.045,12.7,1141
19.062,10.2,1142
19.079,7.5,1143
19.096,4.8,1144
19.112,2.0,1145
19.129,-0.8,1146
19.146,-3.4,1147
19.162,-6.2,1148
19.179,-8.6,1149
19.196,-11.2,1150
19.212,-13.5,1151
19.229,-15.5,1152
19.246,-17.4,1153
19.262,-19.0,1154
19.279,-20.2,1155
19.296,-21.2,1156
19.313,-21.7,1157
19.329,-22.0,1158
19.346,-21.8,1159
19.363,-21.4,1160
19.379,-20.5,1161
19.396,-19.3,1162
19.413,-17.9,1163
19.429,-16.4,1164
19.446,-14.2,1165
19.463,-12.3,1166
19.479,-9.8,1167
19.496,-7.3,1168
19.513,-4.8,1169
19.529,-2.0,1170
19.546,0.5,1171
19.563,3.0,1172
19.580,5.8,1173
19.596,8.2,1174
19.613,10.6,1175
19.630,13.1,1176
19.646,15.1,1177
19.663,17.1,1178
19.680,19.0,1179
19.696,20.4,1180
19.713,21.7,1181
19.730,22.1,1182
19.746,22.8,1183
19.763,22.8,1184
19.780,22.8,1185
19.797,22.3,1186
19.813,21.4,1187
19.830,19.8,1188
19.847,18.3,1189
19.863,16.3,1190
19.880,14.6,1191
19.897,12.4,1192
19.913,10.2,1193
19.930,7.9,1194
19.947,5.2,1195
19.963,2.7,1196
19.980,0.0,1197
19.997,-2.6,1198
20.014,-5.2,1199
20.030,-7.6,1200
20.047,-10.1,1201
20.064,-12.3,1202
20.080,-14.3,1203
20.097,-16.2,1204
20.114,-17.9,1205
20.130,-19.1,1206
20.147,-20.2,1207
20.164,-20.8,1208
20.180,-21.1,1209
20.197,-21.0,1210
20.214,-20.7,1211
20.231,-20.1,1212
20.247,-19.0,1213
20.264,-17.8,1214
20.281,-16.2,1215
20.297,-14.3,1216
20.314,-12.3,1217
20.331,-10.1,1218
20.347,-7.7,1219
20.364,-5.3,1220
20.381,-2.6,1221
20.397,-0.1,1222
20.414,2.3,1223
20.431,5.1,1224
20.448,7.3,1225
20.464,10.0,1226
20.481,12.1,1227
20.498,14.3,1228
20.514,16.2,1229
20.531,17.9,1230
20.548,19.4,1231
20.564,20.6,1232
20.581,21.4,1233
20.598,22.0,1234
20.614,22.4,1235
20.631,22.3,1236
20.648,22.0,1237
20.665,21.4,1238
20.681,20.4,1239
20.698,18.1,1240
20.715,16.5,1241
20.731,14.7,1242
20.748,12.7,1243
20.765,10.7,1244
20.781,8.1,1245
20.798,5.9,1246
20.815,3.2,1247
20.831,0.7,1248
20.848,-1.8,1249
20.865,-4.3,1250
20.882,-6.8,1251
20.898,-9.1,1252
20.915,-11.2,1253
20.932,-13.3,1254
20.948,-15.2,1255
20.965,-16.7,1256
20.982,-18.2,1257
20.998,-19.2,1258
21.015,-19.9,1259
21.032,-20.3,1260
21.048,-20.3,1261
21.065,-20.0,1262
21.082,-19.4,1263
21.099,-18.6,1264
21.115,-17.5,1265
21.132,-16.0,1266
21.149,-14.3,1267
21.165,-12.4,1268
21.182,-10.3,1269
21.199,-7.9,1270
21.215,-5.6,1271
21.232,-3.4,1272
21.249,-0.7,1273
21.265,1.7,1274
21.282,4.2,1275
21.299,6.7,1276
21.316,8.8,1277
21.332,11.2,1278
21.349,13.3,1279
21.366,15.2,1280
21.382,16.9,1281
21.399,18.4,1282
21.416,19.4,1283
21.432,20.5,1284
21.449,21.1,1285
21.466,21.3,1286
21.482,21.3,1287
21.499,21.3,1288
21.516,20.8,1289
21.533,18.8,1290
21.549,17.7,1291
21.566,16.6,1292
21.583,14.5,1293
21.599,12.6,1294
21.616,10.6,1295
21.633,8.5,1296
21.649,6.1,1297
21.666,3.8,1298
21.683,1.3,1299
21.699,-1.0,1300
21.716,-3.6,1301
21.733,-5.9,1302
21.750,-8.1,1303
21.766,-10.3,1304
21.783,-12.3,1305
21.800,-14.0,1306
21.816,-15.7,1307
21.833,-17.1,1308
21.850,-18.1,1309
21.866,-18.8,1310
21.883,-19.2,1311
21.900,-19.4,1312
21.916,-19.3,1313
21.933,-18.9,1314
21.950,-18.0,1315
21.967,-17.0,1316
21.983,-15.6,1317
22.000,-14.0,1318
22.017,-12.1,1319
22.033,-10.2,1320
22.050,-8.2,1321
22.067,-5.9,1322
22.083,-3.9,1323
22.100,-1.3,1324
22.117,1.4,1325
22.133,3.7,1326
22.150,5.9,1327
22.167,8.2,1328
22.184,10.0,1329
22.200,12.4,1330
22.217,14.3,1331
22.234,15.9,1332
22.250,17.3,1333
22.267,18.5,1334
22.284,19.4,1335
22.300,20.0,1336
22.317,20.6,1337
22.334,20.6,1338
22.350,19.8,1339
22.367,19.8,1340
22.384,19.1,1341
22.401,17.3,1342
22.417,15.9,1343
22.434,14.2,1344
22.451,12.5,1345
22.467,10.6,1346
22.484,8.4,1347
22.501,6.2,1348
22.517,3.9,1349
22.534,1.6,1350
22.551,-0.8,1351
22.567,-3.2,1352
22.584,-5.3,1353
22.601,-7.6,1354
22.617,-9.7,1355
22.634,-11.7,1356
22.651,-13.4,1357
22.668,-15.0,1358
22.684,-16.3,1359
22.701,-17.4,1360
22.718,-18.2,1361
22.734,-18.7,1362
22.751,-18.9,1363
22.768,-18.7,1364
22.784,-18.3,1365
22.801,-17.6,1366
22.818,-16.7,1367
22.834,-15.3,1368
22.851,-13.8,1369
22.868,-12.1,1370
22.885,-10.2,1371
22.901,-8.2,1372
22.918,-6.1,1373
22.935,-3.8,1374
22.951,-1.7,1375
22.968,0.6,1376
22.985,2.9,1377
23.001,5.2,1378
23.018,7.4,1379
23.035,9.3,1380
23.051,11.6,1381
23.068,13.2,1382
23.085,15.0,1383
23.102,16.5,1384
23.118,17.4,1385
23.135,18.7,1386
23.152,19.4,1387
23.168,19.4,1388
23.185,19.6,1389
23.202,19.5,1390
23.218,18.7,1391
23.235,18.2,1392
23.252,17.1,1393
23.268,15.7,1394
23.285,14.0,1395
23.302,12.3,1396
23.319,10.5,1397
23.335,8.5,1398
23.352,6.4,1399
23.369,4.1,1400
23.385,1.8,1401
23.402,-0.3,1402
23.419,-2.7,1403
23.435,-4.9,1404
23.452,-7.0,1405
23.469,-9.1,1406
23.485,-10.9,1407
23.502,-12.6,1408
23.519,-14.1,1409
23.536,-15.5,1410
23.552,-16.5,1411
23.569,-17.4,1412
23.586,-17.9,1413
23.602,-18.1,1414
23.619,-18.0,1415
23.636,-17.8,1416
23.652,-17.0,1417
23.669,-16.1,1418
23.686,-14.8,1419
23.702,-13.6,1420
23.719,-11.8,1421
23.736,-10.2,1422
23.753,-8.1,1423
23.769,-6.2,1424
23.786,-4.0,1425
23.803,-1.8,1426
23.819,0.3,1427
23.836,2.5,1428
23.853,4.8,1429
23.869,6.8,1430
23.886,9.0,1431
23.903,10.6,1432
23.919,12.7,1433
23.936,14.3,1434
23.953,15.5,1435
23.970,16.8,1436
23.986,17.8,1437
24.003,18.4,1438
24.020,18.8,1439
24.036,19.1,1440
24.053,18.8,1441
24.070,18.2,1442
24.086,17.1,1443
24.103,16.2,1444
24.120,14.8,1445
24.136,13.4,1446
24.153,11.9,1447
24.170,10.1,1448
24.187,8.1,1449
24.203,6.1,1450
24.220,4.1,1451
24.237,2.0,1452
24.253,-0.2,1453
24.270,-2.4,1454
24.287,-4.5,1455
24.303,-6.5,1456
24.320,-8.5,1457
24.337,-10.4,1458
24.353,-12.0,1459
24.370,-13.4,1460
24.387,-14.8,1461
24.404,-15.8,1462
24.420,-16.5,1463
24.437,-17.1,1464
24.454,-17.3,1465
24.470,-17.3,1466
24.487,-16.8,1467
24.504,-16.3,1468
24.520,-15.4,1469
24.537,-14.3,1470
24.554,-12.8,1471
24.570,-11.5,1472
24.587,-9.6,1473
24.604,-7.7,1474
24.621,-5.8,1475
24.637,-3.8,1476
24.654,-1.6,1477
24.671,0.5,1478
24.687,2.6,1479
24.704,4.8,1480
24.721,6.7,1481
24.737,8.7,1482
24.754,10.3,1483
24.771,12.2,1484
24.787,13.6,1485
24.804,14.9,1486
24.821,16.1,1487
24.838,16.7,1488
24.854,17.6,1489
24.871,17.9,1490
24.888,17.9,1491
24.904,17.8,1492
24.921,17.3,1493
24.938,16.4,1494
24.954,15.5,1495
24.971,14.6,1496
24.988,13.0,1497
25.004,11.4,1498
25.021,9.8,1499
25.038,7.8,1500
25.055,5.9,1501
25.071,3.9,1502
25.088,1.9,1503
25.105,-0.1,1504
25.121,-2.2,1505
25.138,-4.2,1506
25.155,-6.2,1507
25.171,-8.0,1508
25.188,-9.9,1509
25.205,-11.4,1510
25.221,-12.9,1511
25.238,-14.2,1512
25.255,-15.1,1513
25.272,-15.9,1514
25.288,-16.4,1515
25.305,-16.5,1516
25.322,-16.5,1517
25.338,-16.2,1518
25.355,-15.7,1519
25.372,-14.9,1520
25.388,-13.8,1521
25.405,-12.6,1522
25.422,-11.0,1523
25.438,-9.3,1524
25.455,-7.6,1525
25.472,-5.7,1526
25.488,-3.5,1527
25.505,-1.6,1528
25.522,0.4,1529
25.539,2.5,1530
25.555,4.4,1531
25.572,6.3,1532
25.589,8.2,1533
25.605,10.0,1534
25.622,11.7,1535
25.639,13.1,1536
25.655,14.3,1537
25.672,15.5,1538
25.689,16.3,1539
25.705,17.0,1540
25.722,17.4,1541
25.739,17.4,1542
25.756,17.4,1543
25.772,16.6,1544
25.789,15.9,1545
25.806,14.9,1546
25.822,13.9,1547
25.839,12.6,1548
25.856,11.1,1549
25.872,9.5,1550
25.889,7.8,1551
25.906,5.8,1552
25.922,3.9,1553
25.939,1.9,1554
25.956,-0.1,1555
25.973,-2.1,1556
25.989,-4.0,1557
26.006,-6.0,1558
26.023,-7.7,1559
26.039,-9.4,1560
26.056,-10.9,1561
26.073,-12.2,1562
26.089,-13.4,1563
26.106,-14.3,1564
26.123,-15.2,1565
26.139,-15.6,1566
26.156,-15.8,1567
26.173,-15.7,1568
26.190,-15.6,1569
26.206,-14.9,1570
26.223,-14.1,1571
26.240,-13.1,1572
26.256,-11.8,1573
26.273,-10.5,1574
26.290,-8.8,1575
26.306,-7.1,1576
26.323,-5.4,1577
26.340,-3.4,1578
26.356,-1.5,1579
26.373,0.3,1580
26.390,2.3,1581
26.407,4.4,1582
26.423,5.9,1583
26.440,7.7,1584
26.457,9.8,1585
26.473,11.4,1586
26.490,12.4,1587
26.507,13.8,1588
26.523,15.0,1589
26.540,15.9,1590
26.557,16.0,1591
26.573,16.9,1592
26.590,16.8,1593
26.607,16.7,1594
26.624,16.3,1595
26.640,15.1,1596
26.657,14.3,1597
26.674,13.2,1598
26.690,11.9,1599
26.707,10.4,1600
26.724,9.0,1601
26.740,7.3,1602
26.757,5.5,1603
26.774,3.6,1604
26.790,1.7,1605
26.807,-0.2,1606
26.824,-2.0,1607
26.841,-4.0,1608
26.857,-5.8,1609
26.874,-7.5,1610
26.891,-9.1,1611
26.907,-10.5,1612
26.924,-11.9,1613
26.941,-12.9,1614
26.957,-13.9,1615
26.974,-14.5,1616
26.991,-15.0,1617
27.007,-15.2,1618
27.024,-15.2,1619
27.041,-14.8,1620
27.058,-14.4,1621
27.074,-13.4,1622
27.091,-12.5,1623
27.108,-11.3,1624
27.124,-9.9,1625
27.141,-8.3,1626
27.158,-6.7,1627
27.174,-5.0,1628
27.191,-3.2,1629
27.208,-1.1,1630
27.224,0.7,1631
27.241,2.6,1632
27.258,4.3,1633
27.275,6.2,1634
27.291,7.9,1635
27.308,9.5,1636
27.325,11.0,1637
27.341,12.3,1638
27.358,13.3,1639
27.375,14.5,1640
27.391,15.0,1641
27.408,15.8,1642
27.425,16.0,1643
27.441,16.0,1644
27.458,15.8,1645
27.475,15.3,1646
27.492,14.4,1647
27.508,13.7,1648
27.525,12.5,1649
27.542,11.5,1650
27.558,10.0,1651
27.575,8.5,1652
27.592,6.7,1653
27.608,5.0,1654
27.625,3.3,1655
27.642,1.5,1656
27.658,-0.4,1657
27.675,-2.3,1658
27.692,-4.1,1659
27.709,-5.7,1660
27.725,-7.4,1661
27.742,-9.0,1662
27.759,-10.4,1663
27.775,-11.6,1664
27.792,-12.6,1665
27.809,-13.6,1666
27.825,-14.2,1667
27.842,-14.5,1668
27.859,-14.8,1669
27.875,-14.7,1670
27.892,-14.4,1671
27.909,-13.8,1672
27.926,-13.0,1673
27.942,-12.0,1674
27.959,-10.9,1675
27.976,-9.6,1676
27.992,-8.1,1677
28.009,-6.5,1678
28.026,-4.7,1679
28.042,-3.0,1680
28.059,-1.0,1681
28.076,0.8,1682
28.092,2.6,1683
28.109,4.4,1684
28.126,6.0,1685
28.143,7.6,1686
28.159,9.1,1687
28.176,10.5,1688
28.193,11.8,1689
28.209,12.8,1690
28.226,13.8,1691
28.243,14.5,1692
28.259,14.9,1693
28.276,15.2,1694
28.293,15.2,1695
28.309,14.9,1696
28.326,14.4,1697
28.343,13.6,1698
28.360,12.9,1699
28.376,11.9,1700
28.393,10.6,1701
28.410,9.2,1702
28.426,7.9,1703
28.443,6.3,1704
28.460,4.6,1705
28.476,2.9,1706
28.493,1.2,1707
28.510,-0.6,1708
28.526,-2.2,1709
28.543,-4.1,1710
28.560,-5.7,1711
28.576,-7.2,1712
28.593,-8.6,1713
28.610,-10.0,1714
28.627,-11.0,1715
28.643,-12.1,1716
28.660,-12.8,1717
28.677,-13.4,1718
28.693,-13.8,1719
28.710,-13.9,1720
28.727,-13.8,1721
28.743,-13.6,1722
28.760,-13.0,1723
28.777,-12.2,1724
28.793,-11.2,1725
28.810,-10.1,1726
28.827,-8.8,1727
28.844,-7.4,1728
28.860,-5.7,1729
28.877,-4.1,1730
28.894,-2.3,1731
28.910,-0.6,1732
28.927,1.1,1733
28.944,2.8,1734
28.960,4.3,1735
28.977,6.0,1736
28.994,7.7,1737
29.010,9.1,1738
29.027,10.6,1739
29.044,11.6,1740
29.061,12.5,1741
29.077,13.4,1742
29.094,14.2,1743
29.111,14.5,1744
29.127,14.3,1745
29.144,14.4,1746
29.161,14.2,1747
29.177,14.0,1748
29.194,13.2,1749
29.211,12.2,1750
29.227,11.2,1751
29.244,9.9,1752
29.261,8.6,1753
29.278,7.3,1754
29.294,5.7,1755
29.311,4.1,1756
29.328,2.4,1757
29.344,0.7,1758
29.361,-1.0,1759
29.378,-2.7,1760
29.394,-4.2,1761
29.411,-5.7,1762
29.428,-7.2,1763
29.444,-8.6,1764
29.461,-9.7,1765
29.478,-10.9,1766
29.495,-11.7,1767
29.511,-12.5,1768
29.528,-12.9,1769
29.545,-13.3,1770
29.561,-13.4,1771
29.578,-13.3,1772
29.595,-12.9,1773
29.611,-12.4,1774
29.628,-11.6,1775
29.645,-10.8,1776
29.661,-9.5,1777
29.678,-8.3,1778
29.695,-6.8,1779
29.712,-5.4,1780
29.728,-3.7,1781
29.745,-2.1,1782
29.762,-0.5,1783
29.778,1.3,1784
29.795,3.0,1785
29.812,4.6,1786
29.828,6.2,1787
29.845,7.5,1788
29.862,9.1,1789
29.878,10.3,1790
29.895,11.2,1791
29.912,12.0,1792
29.929,13.1,1793
29.945,13.6,1794
29.962,14.1,1795
29.979,13.8,1796
29.995,13.9,1797
30.012,13.6,1798
30.029,13.1,1799
30.045,12.4,1800
30.062,11.6,1801
30.079,10.6,1802
30.095,9.5,1803
30.112,8.3,1804
30.129,6.8,1805
30.146,5.4,1806
30.162,3.8,1807
30.179,2.1,1808
30.196,0.5,1809
30.212,-1.1,1810
30.229,-2.7,1811
30.246,-4.3,1812
30.262,-5.7,1813
30.279,-7.1,1814
30.296,-8.3,1815
30.312,-9.5,1816
30.329,-10.4,1817
30.346,-11.4,1818
30.363,-11.9,1819
30.379,-12.4,1820
30.396,-12.6,1821
30.413,-12.8,1822
30.429,-12.5,1823
30.446,-12.3,1824
30.463,-11.7,1825
30.479,-11.0,1826
30.496,-10.0,1827
30.513,-8.9,1828
30.529,-7.7,1829
30.546,-6.3,1830
30.563,-4.7,1831
30.580,-3.2,1832
30.596,-1.7,1833
30.613,0.2,1834
30.630,1.6,1835
30.646,3.2,1836
30.663,4.8,1837
30.680,6.2,1838
30.696,7.6,1839
30.713,9.0,1840
30.730,9.8,1841
30.746,10.7,1842
30.763,11.7,1843
30.780,12.2,1844
30.797,12.9,1845
30.813,13.2,1846
30.830,13.2,1847
30.847,13.2,1848
30.863,12.9,1849
30.880,12.5,1850
30.897,11.5,1851
30.913,10.6,1852
30.930,9.8,1853
30.947,8.5,1854
30.963,7.3,1855
30.980,5.9,1856
30.997,4.5,1857
31.014,3.0,1858
31.030,1.5,1859
31.047,-0.1,1860
31.064,-1.6,1861
31.080,-3.0,1862
31.097,-4.5,1863
31.114,-5.9,1864
31.130,-7.2,1865
31.147,-8.3,1866
31.164,-9.5,1867
31.180,-10.3,1868
31.197,-11.1,1869
31.214,-11.6,1870
31.231,-12.1,1871
31.247,-12.1,1872
31.264,-12.2,1873
31.281,-12.1,1874
31.297,-11.7,1875
31.314,-11.1,1876
31.331,-10.3,1877
31.347,-9.2,1878
31.364,-8.3,1879
31.381,-6.9,1880
31.397,-5.6,1881
31.414,-4.2,1882
31.431,-2.6,1883
31.447,-1.1,1884
31.464,0.6,1885
31.481,2.2,1886
31.498,3.5,1887
31.514,4.6,1888
31.531,6.2,1889
31.548,7.6,1890
31.564,8.6,1891
31.581,9.8,1892
31.598,10.9,1893
31.614,11.4,1894
31.631,11.8,1895
31.648,12.6,1896
31.664,12.4,1897
31.681,12.6,1898
31.698,12.5,1899
31.715,12.4,1900
31.731,11.9,1901
31.748,11.2,1902
31.765,10.1,1903
31.781,9.6,1904
31.798,8.0,1905
31.815,6.8,1906
31.831,5.5,1907
31.848,4.1,1908
31.865,2.7,1909
31.881,1.2,1910
31.898,-0.3,1911
31.915,-1.8,1912
31.932,-3.3,1913
31.948,-4.6,1914
31.965,-6.0,1915
31.982,-7.2,1916
31.998,-8.3,1917
32.015,-9.2,1918
32.032,-10.0,1919
32.048,-10.7,1920
32.065,-11.2,1921
32.082,-11.4,1922
32.098,-11.6,1923
32.115,-11.6,1924
32.132,-11.2,1925
32.149,-11.0,1926
32.165,-10.3,1927
32.182,-9.6,1928
32.199,-8.6,1929
32.215,-7.5,1930
32.232,-6.3,1931
32.249,-4.9,1932
32.265,-3.5,1933
32.282,-2.1,1934
32.299,-0.6,1935
32.315,1.1,1936
32.332,2.5,1937
32.349,3.8,1938
32.366,5.1,1939
32.382,6.6,1940
32.399,7.7,1941
32.416,8.8,1942
32.432,9.8,1943
32.449,10.5,1944
32.466,11.0,1945
32.482,11.8,1946
32.499,12.2,1947
32.516,12.3,1948
32.532,12.2,1949
32.549,12.3,1950
32.566,11.9,1951
32.583,10.8,1952
32.599,10.4,1953
32.616,9.5,1954
32.633,8.4,1955
32.649,7.3,1956
32.666,5.9,1957
32.683,4.8,1958
32.699,3.2,1959
32.716,2.0,1960
32.733,0.5,1961
32.749,-1.0,1962
32.766,-2.4,1963
32.783,-3.7,1964
32.800,-5.0,1965
32.816,-6.2,1966
32.833,-7.4,1967
32.850,-8.3,1968
32.866,-9.2,1969
32.883,-10.0,1970
32.900,-10.6,1971
32.916,-10.9,1972
32.933,-11.2,1973
32.950,-11.3,1974
32.966,-11.2,1975
32.983,-10.9,1976
33.000,-10.5,1977
33.017,-9.7,1978
33.033,-9.0,1979
33.050,-8.0,1980
33.067,-6.8,1981
33.083,-5.8,1982
33.100,-4.5,1983
33.117,-3.0,1984
33.133,-1.6,1985
33.150,-0.2,1986
33.167,1.1,1987
33.183,2.5,1988
33.200,3.9,1989
33.217,5.3,1990
33.234,6.5,1991
33.250,7.6,1992
33.267,8.8,1993
33.284,9.7,1994
33.300,10.3,1995
33.317,10.9,1996
33.334,11.4,1997
33.350,11.5,1998
33.367,11.6,1999
33.384,11.6,2000
33.400,11.4,2001
33.417,11.0,2002
33.434,10.4,2003
33.451,9.5,2004
33.467,8.7,2005
33.484,7.6,2006
33.501,6.5,2007
33.517,5.3,2008
33.534,4.0,2009
33.551,2.7,2010
33.567,1.4,2011
33.584,0.1,2012
33.601,-1.3,2013
33.617,-2.7,2014
33.634,-3.9,2015
33.651,-5.2,2016
33.668,-6.2,2017
33.684,-7.2,2018
33.701,-8.2,2019
33.718,-9.0,2020
33.734,-9.6,2021
33.751,-10.2,2022
33.768,-10.5,2023
33.784,-10.7,2024
33.801,-10.7,2025
33.818,-10.6,2026
33.834,-10.2,2027
33.851,-9.7,2028
33.868,-9.0,2029
33.885,-8.2,2030
33.901,-7.2,2031
33.918,-6.0,2032
33.935,-4.9,2033
33.951,-3.6,2034
33.968,-2.2,2035
33.985,-0.9,2036
34.001,0.6,2037
34.018,2.0,2038
34.035,3.2,2039
34.051,4.2,2040
34.068,5.9,2041
34.085,6.8,2042
34.102,8.1,2043
34.118,8.7,2044
34.135,9.6,2045
34.152,10.0,2046
34.168,10.5,2047
34.185,10.9,2048
34.202,11.2,2049
34.218,11.2,2050
34.235,11.2,2051
34.252,10.9,2052
34.268,10.5,2053
34.285,9.8,2054
34.302,9.1,2055
34.319,7.8,2056
34.335,7.1,2057
34.352,5.9,2058
34.369,4.7,2059
34.385,3.4,2060
34.402,2.2,2061
34.419,0.9,2062
34.435,-0.5,2063
34.452,-1.8,2064
34.469,-3.0,2065
34.485,-4.3,2066
34.502,-5.3,2067
34.519,-6.4,2068
34.535,-7.3,2069
34.552,-8.2,2070
34.569,-8.9,2071
34.586,-9.5,2072
34.602,-9.9,2073
34.619,-10.2,2074
34.636,-10.3,2075
34.652,-10.3,2076
34.669,-9.9,2077
34.686,-9.7,2078
34.702,-9.0,2079
34.719,-8.4,2080
34.736,-7.6,2081
34.752,-6.7,2082
34.769,-5.5,2083
34.786,-4.4,2084
34.803,-3.1,2085
34.819,-1.7,2086
34.836,-0.4,2087
34.853,0.7,2088
34.869,2.2,2089
34.886,3.2,2090
34.903,4.5,2091
34.919,5.7,2092
34.936,6.7,2093
34.953,7.8,2094
34.969,8.6,2095
34.986,9.3,2096
35.003,9.9,2097
35.020,10.3,2098
35.036,10.7,2099
35.053,10.8,2100
35.070,10.8,2101
35.086,10.7,2102
35.103,10.4,2103
35.120,10.0,2104
35.136,9.2,2105
35.153,8.3,2106
35.170,7.4,2107
35.186,6.4,2108
35.203,5.1,2109
35.220,3.8,2110
35.237,2.8,2111
35.253,1.6,2112
35.270,0.3,2113
35.287,-1.1,2114
35.303,-2.2,2115
35.320,-3.4,2116
35.337,-4.6,2117
35.353,-5.6,2118
35.370,-6.6,2119
35.387,-7.4,2120
35.403,-8.1,2121
35.420,-8.8,2122
35.437,-9.3,2123
35.454,-9.7,2124
35.470,-9.9,2125
35.487,-9.8,2126
35.504,-9.7,2127
35.520,-9.5,2128
35.537,-9.0,2129
35.554,-8.4,2130
35.570,-7.7,2131
35.587,-6.8,2132
35.604,-5.8,2133
35.620,-4.6,2134
35.637,-3.5,2135
35.654,-2.1,2136
35.671,-0.9,2137
35.687,0.3,2138
35.704,1.5,2139
35.721,2.7,2140
35.737,3.9,2141
35.754,5.1,2142
35.771,6.1,2143
35.787,7.0,2144
35.804,7.9,2145
35.821,8.8,2146
35.837,9.4,2147
35.854,9.7,2148
35.871,10.3,2149
35.888,10.5,2150
35.904,10.6,2151
35.921,10.5,2152
35.938,10.3,2153
35.954,9.8,2154
35.971,9.4,2155
35.988,8.6,2156
36.004,7.6,2157
36.021,6.7,2158
36.038,5.6,2159
36.054,4.5,2160
36.071,3.4,2161
36.088,2.2,2162
36.105,0.9,2163
36.121,-0.3,2164
36.138,-1.5,2165
36.155,-2.6,2166
36.171,-3.8,2167
36.188,-4.8,2168
36.205,-5.8,2169
36.221,-6.7,2170
36.238,-7.4,2171
36.255,-8.1,2172
36.271,-8.8,2173
36.288,-9.0,2174
36.305,-9.3,2175
36.322,-9.4,2176
36.338,-9.4,2177
36.355,-9.1,2178
36.372,-8.8,2179
36.388,-8.3,2180
36.405,-7.8,2181
36.422,-6.9,2182
36.438,-6.0,2183
36.455,-5.1,2184
36.472,-4.0,2185
36.488,-2.7,2186
36.505,-1.7,2187
36.522,-0.5,2188
36.539,0.8,2189
36.555,1.9,2190
36.572,3.2,2191
36.589,4.3,2192
36.605,5.4,2193
36.622,6.3,2194
36.639,7.2,2195
36.655,8.0,2196
36.672,8.7,2197
36.689,9.3,2198
36.705,9.4,2199
36.722,9.8,2200
36.739,9.8,2201
36.756,9.8,2202
36.772,9.6,2203
36.789,9.3,2204
36.806,9.1,2205
36.822,8.4,2206
36.839,7.6,2207
36.856,6.8,2208
36.872,5.8,2209
36.889,4.9,2210
36.906,3.7,2211
36.922,2.7,2212
36.939,1.4,2213
36.956,0.4,2214
36.973,-1.0,2215
36.989,-2.0,2216
37.006,-3.1,2217
37.023,-4.1,2218
37.039,-5.1,2219
37.056,-6.1,2220
37.073,-6.9,2221
37.089,-7.5,2222
37.106,-8.1,2223
37.123,-8.5,2224
37.139,-9.0,2225
37.156,-9.0,2226
37.173,-9.1,2227
37.190,-9.0,2228
37.206,-8.7,2229
37.223,-8.3,2230
37.240,-7.8,2231
37.256,-7.1,2232
37.273,-6.4,2233
37.290,-5.6,2234
37.306,-4.6,2235
37.323,-3.5,2236
37.340,-2.5,2237
37.356,-1.5,2238
37.373,-0.6,2239
37.390,0.8,2240
37.406,1.9,2241
37.423,3.0,2242
37.440,4.3,2243
37.457,5.2,2244
37.473,6.2,2245
37.490,6.9,2246
37.507,7.7,2247
37.523,8.2,2248
37.540,9.0,2249
37.557,9.3,2250
37.573,9.3,2251
37.590,9.4,2252
37.607,9.4,2253
37.623,9.2,2254
37.640,9.0,2255
37.657,8.4,2256
37.674,7.9,2257
37.690,7.0,2258
37.707,6.1,2259
37.724,5.2,2260
37.740,4.1,2261
37.757,3.0,2262
37.774,2.1,2263
37.790,0.9,2264
37.807,-0.3,2265
37.824,-1.3,2266
37.840,-2.5,2267
37.857,-3.4,2268
37.874,-4.5,2269
37.891,-5.2,2270
37.907,-6.2,2271
37.924,-6.9,2272
37.941,-7.6,2273
37.957,-8.0,2274
37.974,-8.5,2275
37.991,-8.5,2276
38.007,-8.8,2277
38.024,-8.6,2278
38.041,-8.6,2279
38.057,-8.3,2280
38.074,-7.8,2281
38.091,-7.3,2282
38.108,-6.6,2283
38.124,-5.8,2284
38.141,-5.1,2285
38.158,-4.1,2286
38.174,-3.1,2287
38.191,-2.1,2288
38.208,-1.2,2289
38.224,-0.1,2290
38.241,1.0,2291
38.258,2.4,2292
38.274,3.3,2293
38.291,4.4,2294
38.308,5.2,2295
38.325,6.4,2296
38.341,7.1,2297
38.358,7.8,2298
38.375,8.3,2299
38.391,8.9,2300
38.408,8.9,2301
38.425,9.1,2302
38.441,8.9,2303
38.458,9.0,2304
38.475,8.7,2305
38.491,8.4,2306
38.508,7.7,2307
38.525,7.2,2308
38.542,6.4,2309
38.558,5.3,2310
38.575,4.2,2311
38.592,3.4,2312
38.608,2.4,2313
38.625,1.4,2314
38.642,0.2,2315
38.658,-0.8,2316
38.675,-1.9,2317
38.692,-2.9,2318
38.708,-3.9,2319
38.725,-4.8,2320
38.742,-5.5,2321
38.759,-6.4,2322
38.775,-6.9,2323
38.792,-7.6,2324
38.809,-7.8,2325
38.825,-8.1,2326
38.842,-8.3,2327
38.859,-8.3,2328
38.875,-8.3,2329
38.892,-8.1,2330
38.909,-7.6,2331
38.925,-7.3,2332
38.942,-6.6,2333
38.959,-5.9,2334
38.976,-5.1,2335
38.992,-4.3,2336
39.009,-3.2,2337
39.026,-2.4,2338
39.042,-1.2,2339
39.059,-0.6,2340
39.076,0.8,2341
39.092,1.8,2342
39.109,2.9,2343
39.126,3.9,2344
39.142,5.1,2345
39.159,5.7,2346
39.176,6.4,2347
39.193,7.1,2348
39.209,7.6,2349
39.226,8.2,2350
39.243,8.5,2351
39.259,8.4,2352
39.276,8.8,2353
39.293,8.5,2354
39.309,8.5,2355
39.326,8.1,2356
39.343,7.8,2357
39.359,6.9,2358
39.376,6.5,2359
39.393,5.4,2360
39.410,4.8,2361
39.426,3.6,2362
39.443,2.8,2363
39.460,1.6,2364
39.476,0.7,2365
39.493,-0.4,2366
39.510,-1.3,2367
39.526,-2.4,2368
39.543,-3.2,2369
39.560,-4.3,2370
39.576,-5.0,2371
39.593,-5.8,2372
39.610,-6.4,2373
39.627,-7.0,2374
39.643,-7.4,2375
39.660,-7.8,2376
39.677,-7.9,2377
39.693,-8.1,2378
39.710,-7.9,2379
39.727,-7.8,2380
39.743,-7.5,2381
39.760,-7.2,2382
39.777,-6.6,2383
39.793,-6.0,2384
39.810,-5.2,2385
39.827,-4.5,2386
39.844,-3.6,2387
39.860,-2.8,2388
39.877,-1.5,2389
39.894,-0.6,2390
39.910,0.4,2391
39.927,1.5,2392
39.944,2.4,2393
39.960,3.4,2394
39.977,4.4,2395
39.994,5.2,2396
40.010,6.0,2397
40.027,6.9,2398
40.044,7.4,2399
40.061,7.8,2400
40.077,7.9,2401
40.094,8.3,2402
40.111,8.5,2403
40.127,8.5,2404
40.144,8.4,2405
40.161,8.0,2406
40.177,7.8,2407
40.194,7.1,2408
40.211,6.5,2409
40.227,5.7,2410
40.244,4.9,2411
40.261,4.3,2412
40.278,3.2,2413
40.294,2.2,2414
40.311,1.1,2415
40.328,0.2,2416
40.344,-0.9,2417
40.361,-1.8,2418
40.378,-2.8,2419
40.394,-3.7,2420
40.411,-4.5,2421
40.428,-5.2,2422
40.444,-5.9,2423
40.461,-6.4,2424
40.478,-7.0,2425
40.494,-7.3,2426
40.511,-7.6,2427
40.528,-7.8,2428
40.545,-7.7,2429
40.561,-7.6,2430
40.578,-7.3,2431
40.595,-7.1,2432
40.611,-6.6,2433
40.628,-5.9,2434
40.645,-5.4,2435
40.661,-4.6,2436
40.678,-3.8,2437
40.695,-2.9,2438
40.711,-1.9,2439
40.728,-1.0,2440
40.745,0.2,2441
40.762,1.3,2442
40.778,2.2,2443
40.795,3.0,2444
40.812,3.9,2445
40.828,4.9,2446
40.845,5.5,2447
40.862,6.1,2448
40.878,6.6,2449
40.895,7.3,2450
40.912,7.7,2451
40.928,7.8,2452
40.945,8.0,2453
40.962,8.0,2454
40.979,8.0,2455
40.995,7.8,2456
41.012,7.4,2457
41.029,7.0,2458
41.045,6.4,2459
41.062,6.0,2460
41.079,5.1,2461
41.095,4.3,2462
41.112,3.5,2463
41.129,2.5,2464
41.145,1.5,2465
41.162,0.5,2466
41.179,-0.4,2467
41.196,-1.4,2468
41.212,-2.4,2469
41.229,-3.2,2470
41.246,-4.1,2471
41.262,-4.8,2472
41.279,-5.5,2473
41.296,-6.2,2474
41.312,-6.6,2475
41.329,-7.1,2476
41.346,-7.3,2477
41.362,-7.4,2478
41.379,-7.6,2479
41.396,-7.4,2480
41.413,-7.3,2481
41.429,-7.1,2482
41.446,-6.6,2483
41.463,-6.2,2484
41.479,-5.5,2485
41.496,-5.0,2486
41.513,-4.1,2487
41.529,-3.5,2488
41.546,-2.3,2489
41.563,-1.7,2490
41.579,-0.5,2491
41.596,0.3,2492
41.613,1.3,2493
41.630,2.2,2494
41.646,3.3,2495
41.663,3.9,2496
41.680,5.0,2497
41.696,5.4,2498
41.713,6.2,2499
41.730,6.6,2500
41.746,7.1,2501
41.763,7.4,2502
41.780,7.6,2503
41.796,7.7,2504
41.813,7.8,2505
41.830,7.7,2506
41.847,7.3,2507
41.863,6.9,2508
41.880,6.4,2509
41.897,5.8,2510
41.913,5.4,2511
41.930,4.5,2512
41.947,3.8,2513
41.963,2.8,2514
41.980,1.8,2515
41.997,0.9,2516
42.013,-0.0,2517
42.030,-1.0,2518
42.047,-1.8,2519
42.064,-2.7,2520
42.080,-3.4,2521
42.097,-4.3,2522
42.114,-5.0,2523
42.130,-5.5,2524
42.147,-6.2,2525
42.164,-6.6,2526
42.180,-6.9,2527
42.197,-7.1,2528
42.214,-7.1,2529
42.230,-7.2,2530
42.247,-7.1,2531
42.264,-6.8,2532
42.281,-6.4,2533
42.297,-5.9,2534
42.314,-5.5,2535
42.331,-4.8,2536
42.347,-4.0,2537
42.364,-3.3,2538
42.381,-2.5,2539
42.397,-1.7,2540
42.414,-0.8,2541
42.431,0.4,2542
42.447,1.1,2543
42.464,2.2,2544
42.481,2.9,2545
42.498,3.6,2546
42.514,4.3,2547
42.531,5.4,2548
42.548,6.0,2549
42.564,6.5,2550
42.581,6.6,2551
42.598,7.1,2552
42.614,7.3,2553
42.631,7.4,2554
42.648,7.6,2555
42.664,7.4,2556
42.681,7.3,2557
42.698,7.0,2558
42.715,6.5,2559
42.731,6.0,2560
42.748,5.3,2561
42.765,4.6,2562
42.781,3.7,2563
42.798,2.9,2564
42.815,2.0,2565
42.831,1.4,2566
42.848,0.2,2567
42.865,-0.5,2568
42.881,-1.6,2569
42.898,-2.3,2570
42.915,-3.2,2571
42.932,-3.9,2572
42.948,-4.5,2573
42.965,-5.2,2574
42.982,-5.7,2575
42.998,-6.1,2576
43.015,-6.6,2577
43.032,-6.8,2578
43.048,-6.9,2579
43.065,-6.9,2580
43.082,-6.9,2581
43.098,-6.6,2582
43.115,-6.4,2583
43.132,-6.0,2584
43.149,-5.5,2585
43.165,-4.8,2586
43.182,-4.3,2587
43.199,-3.5,2588
43.215,-2.7,2589
43.232,-1.8,2590
43.249,-1.1,2591
43.265,-0.3,2592
43.282,0.6,2593
43.299,1.5,2594
43.315,2.3,2595
43.332,3.1,2596
43.349,3.9,2597
43.365,4.4,2598
43.382,5.2,2599
43.399,5.9,2600
43.416,6.3,2601
43.432,6.8,2602
43.449,6.8,2603
43.466,7.0,2604
43.482,7.0,2605
43.499,7.1,2606
43.516,7.0,2607
43.532,6.7,2608
43.549,6.4,2609
43.566,5.8,2610
43.582,5.2,2611
43.599,4.6,2612
43.616,3.8,2613
43.633,3.1,2614
43.649,2.3,2615
43.666,1.4,2616
43.683,0.6,2617
43.699,-0.4,2618
43.716,-1.1,2619
43.733,-2.0,2620
43.749,-2.7,2621
43.766,-3.6,2622
43.783,-4.2,2623
43.799,-4.8,2624
43.816,-5.4,2625
43.833,-5.8,2626
43.850,-6.2,2627
43.866,-6.4,2628
43.883,-6.5,2629
43.900,-6.6,2630
43.916,-6.6,2631
43.933,-6.5,2632
43.950,-6.2,2633
43.966,-5.9,2634
43.983,-5.4,2635
44.000,-5.0,2636
44.016,-4.3,2637
44.033,-3.6,2638
44.050,-2.9,2639
44.067,-2.2,2640
44.083,-1.4,2641
44.100,-0.6,2642
44.117,0.2,2643
44.133,1.0,2644
44.150,1.9,2645
44.167,2.5,2646
44.183,3.3,2647
44.200,3.9,2648
44.217,4.4,2649
44.233,5.2,2650
44.250,5.6,2651
44.267,6.1,2652
44.284,6.3,2653
44.300,6.6,2654
44.317,6.6,2655
44.334,6.7,2656
44.350,6.5,2657
44.367,6.4,2658
44.384,6.1,2659
44.400,5.6,2660
44.417,5.2,2661
44.434,4.6,2662
44.450,3.8,2663
44.467,3.1,2664
44.484,2.2,2665
44.501,1.5,2666
44.517,0.6,2667
44.534,-0.0,2668
44.551,-1.0,2669
44.567,-1.7,2670
44.584,-2.6,2671
44.601,-3.3,2672
44.617,-4.0,2673
44.634,-4.5,2674
44.651,-5.0,2675
44.667,-5.4,2676
44.684,-5.9,2677
44.701,-6.2,2678
44.718,-6.4,2679
44.734,-6.4,2680
44.751,-6.4,2681
44.768,-6.4,2682
44.784,-6.2,2683
44.801,-5.7,2684
44.818,-5.5,2685
44.834,-5.0,2686
44.851,-4.5,2687
44.868,-3.8,2688
44.884,-3.1,2689
44.901,-2.4,2690
44.918,-1.7,2691
44.935,-0.9,2692
44.951,0.0,2693
44.968,0.6,2694
44.985,1.5,2695
45.001,2.3,2696
45.018,3.0,2697
45.035,3.7,2698
45.051,4.3,2699
45.068,4.8,2700
45.085,5.2,2701
45.101,5.7,2702
45.118,6.1,2703
45.135,6.4,2704
45.152,6.6,2705
45.168,6.6,2706
45.185,6.6,2707
45.202,6.4,2708
45.218,6.1,2709
45.235,5.7,2710
45.252,5.3,2711
45.268,4.7,2712
45.285,4.1,2713
45.302,3.4,2714
45.318,2.6,2715
45.335,1.8,2716
45.352,1.0,2717
45.369,0.2,2718
45.385,-0.5,2719
45.402,-1.4,2720
45.419,-2.0,2721
45.435,-2.9,2722
45.452,-3.4,2723
45.469,-4.1,2724
45.485,-4.5,2725
45.502,-5.1,2726
45.519,-5.5,2727
45.535,-5.7,2728
45.552,-5.9,2729
45.569,-6.2,2730
45.586,-6.1,2731
45.602,-6.1,2732
45.619,-5.8,2733
45.636,-5.7,2734
45.652,-5.2,2735
45.669,-4.9,2736
45.686,-4.3,2737
45.702,-3.8,2738
45.719,-3.1,2739
45.736,-2.5,2740
45.752,-1.8,2741
45.769,-1.1,2742
45.786,-0.2,2743
45.803,0.6,2744
45.819,1.4,2745
45.836,2.3,2746
45.853,3.0,2747
45.869,3.5,2748
45.886,4.3,2749
45.903,4.8,2750
45.919,5.3,2751
45.936,5.5,2752
45.953,6.1,2753
45.969,6.2,2754
45.986,6.3,2755
46.003,6.3,2756
46.020,6.4,2757
46.036,6.3,2758
46.053,6.2,2759
46.070,5.7,2760
46.086,5.3,2761
46.103,4.7,2762
46.120,4.3,2763
46.136,3.6,2764
46.153,2.6,2765
46.170,2.1,2766
46.186,1.3,2767
46.203,0.5,2768
46.220,-0.3,2769
46.237,-1.0,2770
46.253,-1.7,2771
46.270,-2.4,2772
46.287,-3.1,2773
46.303,-3.7,2774
46.320,-4.3,2775
46.337,-4.8,2776
46.353,-5.2,2777
46.370,-5.5,2778
46.387,-5.7,2779
46.403,-5.9,2780
46.420,-5.9,2781
46.437,-5.8,2782
46.453,-5.7,2783
46.470,-5.5,2784
46.487,-5.2,2785
46.504,-4.8,2786
46.520,-4.3,2787
46.537,-3.7,2788
46.554,-3.1,2789
46.570,-2.4,2790
46.587,-1.7,2791
46.604,-0.9,2792
46.620,-0.3,2793
46.637,0.7,2794
46.654,1.3,2795
46.670,2.0,2796
46.687,2.7,2797
46.704,3.2,2798
46.721,4.0,2799
46.737,4.6,2800
46.754,4.8,2801
46.771,5.3,2802
46.787,5.6,2803
46.804,6.0,2804
46.821,6.2,2805
46.837,6.2,2806
46.854,6.2,2807
46.871,6.1,2808
46.887,5.9,2809
46.904,5.8,2810
46.921,5.1,2811
46.938,4.7,2812
46.954,4.2,2813
46.971,3.6,2814
46.988,2.9,2815
47.004,2.3,2816
47.021,1.4,2817
47.038,0.8,2818
47.054,-0.0,2819
47.071,-0.8,2820
47.088,-1.5,2821
47.104,-2.2,2822
47.121,-2.9,2823
47.138,-3.5,2824
47.155,-4.1,2825
47.171,-4.5,2826
47.188,-5.0,2827
47.205,-5.2,2828
47.221,-5.5,2829
47.238,-5.5,2830
47.255,-5.7,2831
47.271,-5.7,2832
47.288,-5.5,2833
47.305,-5.3,2834
47.321,-5.0,2835
47.338,-4.7,2836
47.355,-4.3,2837
47.372,-3.8,2838
47.388,-3.2,2839
47.405,-2.6,2840
47.422,-2.0,2841
47.438,-1.3,2842
47.455,-0.6,2843
47.472,0.3,2844
47.488,0.8,2845
47.505,1.7,2846
47.522,2.5,2847
47.538,3.1,2848
47.555,3.6,2849
47.572,4.3,2850
47.589,4.7,2851
47.605,5.2,2852
47.622,5.4,2853
47.639,5.7,2854
47.655,5.8,2855
47.672,5.9,2856
47.689,5.9,2857
47.705,5.9,2858
47.722,5.7,2859
47.739,5.7,2860
47.755,5.0,2861
47.772,4.8,2862
47.789,4.2,2863
47.806,3.8,2864
47.822,3.0,2865
47.839,2.3,2866
47.856,1.5,2867
47.872,0.9,2868
47.889,0.1,2869
47.906,-0.5,2870
47.922,-1.3,2871
47.939,-2.0,2872
47.956,-2.7,2873
47.972,-3.2,2874
47.989,-3.7,2875
48.006,-4.2,2876
48.023,-4.6,2877
48.039,-5.0,2878
48.056,-5.2,2879
48.073,-5.4,2880
48.089,-5.5,2881
48.106,-5.5,2882
48.123,-5.4,2883
48.139,-5.2,2884
48.156,-5.0,2885
48.173,-4.6,2886
48.189,-4.3,2887
48.206,-3.8,2888
48.223,-3.3,2889
48.240,-2.6,2890
48.256,-2.1,2891
48.273,-1.5,2892
48.290,-0.8,2893
48.306,0.1,2894
48.323,0.7,2895
48.340,1.4,2896
48.356,2.2,2897
48.373,2.9,2898
48.390,3.5,2899
48.406,4.0,2900
48.423,4.5,2901
48.440,4.8,2902
48.457,5.2,2903
48.473,5.4,2904
48.490,5.6,2905
48.507,5.8,2906
48.523,5.9,2907
48.540,5.9,2908
48.557,5.8,2909
48.573,5.4,2910
48.590,5.1,2911
48.607,4.6,2912
48.623,4.2,2913
48.640,3.7,2914
48.657,3.1,2915
48.674,2.4,2916
48.690,1.7,2917
48.707,1.1,2918
48.724,0.4,2919
48.740,-0.4,2920
48.757,-1.1,2921
48.774,-1.7,2922
48.790,-2.4,2923
48.807,-3.0,2924
48.824,-3.6,2925
48.840,-3.9,2926
48.857,-4.3,2927
48.874,-4.7,2928
48.891,-5.0,2929
48.907,-5.2,2930
48.924,-5.3,2931
48.941,-5.2,2932
48.957,-5.2,2933
48.974,-5.0,2934
48.991,-4.8,2935
49.007,-4.5,2936
49.024,-4.1,2937
49.041,-3.8,2938
49.057,-3.2,2939
49.074,-2.7,2940
49.091,-2.2,2941
49.108,-1.5,2942
49.124,-0.9,2943
49.141,0.0,2944
49.158,0.5,2945
49.174,1.2,2946
49.191,1.8,2947
49.208,2.5,2948
49.224,3.1,2949
49.241,3.7,2950
49.258,4.0,2951
49.274,4.5,2952
49.291,4.8,2953
49.308,5.1,2954
49.325,5.3,2955
49.341,5.6,2956
49.358,5.6,2957
49.375,5.6,2958
49.391,5.6,2959
49.408,5.4,2960
49.425,5.1,2961
49.441,4.5,2962
49.458,4.1,2963
49.475,3.6,2964
49.491,3.0,2965
49.508,2.5,2966
49.525,1.9,2967
49.541,1.1,2968
49.558,0.5,2969
49.575,-0.1,2970
49.592,-0.8,2971
49.608,-1.5,2972
49.625,-2.1,2973
49.642,-2.6,2974
49.658,-3.2,2975
49.675,-3.6,2976
49.692,-4.1,2977
49.708,-4.4,2978
49.725,-4.6,2979
49.742,-4.8,2980
49.758,-4.9,2981
49.775,-5.0,2982
49.792,-5.0,2983
49.809,-4.8,2984
49.825,-4.7,2985
49.842,-4.3,2986
49.859,-4.1,2987
49.875,-3.7,2988
49.892,-3.2,2989
49.909,-2.7,2990
49.925,-2.2,2991
49.942,-1.5,2992
49.959,-1.0,2993
49.975,-0.3,2994
49.992,0.5,2995
50.009,1.0,2996
50.026,1.8,2997
50.042,2.2,2998
50.059,2.9,2999
50.076,3.5,3000
50.092,4.0,3001
50.109,4.4,3002
50.126,4.7,3003
50.142,5.1,3004
50.159,5.2,3005
50.176,5.2,3006
50.192,5.4,3007
50.209,5.3,3008
50.226,5.4,3009
50.243,5.1,3010
50.259,5.0,3011
50.276,4.7,3012
50.293,4.2,3013
50.309,3.7,3014
50.326,3.2,3015
50.343,2.5,3016
50.359,1.9,3017
50.376,1.2,3018
50.393,0.6,3019
50.409,-0.0,3020
50.426,-0.7,3021
50.443,-1.3,3022
50.460,-1.9,3023
50.476,-2.6,3024
50.493,-2.9,3025
50.510,-3.5,3026
50.526,-3.8,3027
50.543,-4.2,3028
50.560,-4.5,3029
50.576,-4.7,3030
50.593,-4.8,3031
50.610,-4.9,3032
50.626,-4.8,3033
50.643,-4.9,3034
50.660,-4.5,3035
50.677,-4.4,3036
50.693,-4.0,3037
50.710,-3.6,3038
50.727,-3.2,3039
50.743,-2.7,3040
50.760,-2.2,3041
50.777,-1.6,3042
50.793,-1.1,3043
50.810,-0.5,3044
50.827,0.3,3045
50.843,0.9,3046
50.860,1.6,3047
50.877,2.1,3048
50.894,2.7,3049
50.910,3.1,3050
50.927,3.7,3051
50.944,3.9,3052
50.960,4.5,3053
50.977,4.7,3054
50.994,4.9,3055
51.010,5.1,3056
51.027,5.3,3057
51.044,5.3,3058
51.060,5.2,3059
51.077,5.1,3060
51.094,4.6,3061
51.111,4.4,3062
51.127,4.1,3063
51.144,3.6,3064
51.161,3.1,3065
51.177,2.4,3066
51.194,1.8,3067
51.211,1.3,3068
51.227,0.7,3069
51.244,0.1,3070
51.261,-0.6,3071
51.277,-1.2,3072
51.294,-1.8,3073
51.311,-2.3,3074
51.328,-2.9,3075
51.344,-3.3,3076
51.361,-3.6,3077
51.378,-4.0,3078
51.394,-4.3,3079
51.411,-4.5,3080
51.428,-4.6,3081
51.444,-4.7,3082
51.461,-4.7,3083
51.478,-4.6,3084
51.494,-4.5,3085
51.511,-4.3,3086
51.528,-4.0,3087
51.545,-3.6,3088
51.561,-3.2,3089
51.578,-2.6,3090
51.595,-2.2,3091
51.611,-1.7,3092
51.628,-1.2,3093
51.645,-0.6,3094
51.661,-0.1,3095
51.678,0.5,3096
51.695,1.1,3097
51.711,1.7,3098
51.728,2.3,3099
51.745,2.7,3100
51.762,3.3,3101
51.778,3.6,3102
51.795,4.0,3103
51.812,4.4,3104
51.828,4.6,3105
51.845,4.8,3106
51.862,4.8,3107
51.878,4.9,3108
51.895,4.9,3109
51.912,4.8,3110
51.928,4.8,3111
51.945,4.4,3112
51.962,3.9,3113
51.979,3.4,3114
51.995,3.2,3115
52.012,2.6,3116
52.029,2.1,3117
52.045,1.3,3118
52.062,0.9,3119
52.079,0.1,3120
52.095,-0.4,3121
52.112,-1.1,3122
52.129,-1.5,3123
52.145,-2.2,3124
52.162,-2.6,3125
52.179,-2.9,3126
52.196,-3.4,3127
52.212,-3.7,3128
52.229,-4.0,3129
52.246,-4.3,3130
52.262,-4.3,3131
52.279,-4.5,3132
52.296,-4.5,3133
52.312,-4.4,3134
52.329,-4.3,3135
52.346,-4.1,3136
52.362,-3.8,3137
52.379,-3.5,3138
52.396,-3.1,3139
52.412,-2.7,3140
52.429,-2.2,3141
52.446,-1.7,3142
52.463,-1.2,3143
52.479,-0.6,3144
52.496,-0.0,3145
52.513,0.7,3146
52.529,1.3,3147
52.546,1.8,3148
52.563,2.6,3149
52.579,2.9,3150
52.596,3.4,3151
52.613,3.7,3152
52.629,4.2,3153
52.646,4.3,3154
52.663,4.5,3155
52.680,4.7,3156
52.696,4.8,3157
52.713,4.8,3158
52.730,4.9,3159
52.746,4.8,3160
52.763,4.5,3161
52.780,4.3,3162
52.796,3.9,3163
52.813,3.5,3164
52.830,3.1,3165
52.846,2.6,3166
52.863,2.2,3167
52.880,1.6,3168
52.897,0.9,3169
52.913,0.4,3170
52.930,-0.3,3171
52.947,-0.8,3172
52.963,-1.4,3173
52.980,-1.9,3174
52.997,-2.4,3175
53.013,-2.9,3176
53.030,-3.3,3177
53.047,-3.6,3178
53.063,-3.8,3179
53.080,-4.0,3180
53.097,-4.3,3181
53.114,-4.3,3182
53.130,-4.3,3183
53.147,-4.3,3184
53.164,-4.3,3185
53.180,-4.0,3186
53.197,-3.9,3187
53.214,-3.6,3188
53.230,-3.2,3189
53.247,-2.8,3190
53.264,-2.4,3191
53.280,-1.8,3192
53.297,-1.5,3193
53.314,-1.0,3194
53.331,-0.4,3195
53.347,0.1,3196
53.364,0.6,3197
53.381,1.1,3198
53.397,1.6,3199
53.414,2.0,3200
53.431,2.4,3201
53.447,2.9,3202
53.464,3.3,3203
53.481,3.4,3204
53.497,3.8,3205
53.514,3.9,3206
53.531,3.9,3207
53.548,3.9,3208
53.564,3.9,3209
53.581,3.8,3210
53.598,3.7,3211
53.614,3.4,3212
53.631,3.2,3213
53.648,2.9,3214
53.664,2.4,3215
53.681,2.0,3216
53.698,1.5,3217
53.714,1.0,3218
53.731,0.5,3219
53.748,0.1,3220
53.765,-0.5,3221
53.781,-1.0,3222
53.798,-1.5,3223
53.815,-2.0,3224
53.831,-2.4,3225
53.848,-2.7,3226
53.865,-3.1,3227
53.881,-3.4,3228
53.898,-3.7,3229
53.915,-3.9,3230
53.931,-4.1,3231
53.948,-4.1,3232
53.965,-4.1,3233
53.982,-4.1,3234
53.998,-4.1,3235
54.015,-3.8,3236
54.032,-3.6,3237
54.048,-3.3,3238
54.065,-3.0,3239
54.082,-2.6,3240
54.098,-2.2,3241
54.115,-1.7,3242
54.132,-1.3,3243
54.148,-0.8,3244
54.165,-0.3,3245
54.182,0.1,3246
54.199,0.6,3247
54.215,1.1,3248
54.232,1.5,3249
54.249,2.0,3250
54.265,2.4,3251
54.282,2.9,3252
54.299,3.2,3253
54.315,3.4,3254
54.332,3.8,3255
54.349,3.9,3256
54.365,4.2,3257
54.382,4.2,3258
54.399,4.2,3259
54.416,4.1,3260
54.432,4.0,3261
54.449,3.8,3262
54.466,3.5,3263
54.482,3.1,3264
54.499,2.7,3265
54.516,2.4,3266
54.532,1.9,3267
54.549,1.4,3268
54.566,0.8,3269
54.582,0.2,3270
54.599,-0.2,3271
54.616,-0.8,3272
54.633,-1.3,3273
54.649,-1.7,3274
54.666,-2.1,3275
54.683,-2.5,3276
54.699,-2.9,3277
54.716,-3.2,3278
54.733,-3.5,3279
54.749,-3.6,3280
54.766,-3.8,3281
54.783,-3.9,3282
54.799,-3.9,3283
54.816,-3.9,3284
54.833,-3.8,3285
54.850,-3.6,3286
54.866,-3.4,3287
54.883,-3.2,3288
54.900,-2.9,3289
54.916,-2.5,3290
54.933,-2.1,3291
54.950,-1.7,3292
54.966,-1.2,3293
54.983,-0.7,3294
55.000,-0.1,3295
55.016,0.4,3296
55.033,0.9,3297
55.050,1.2,3298
55.067,1.7,3299
55.083,2.1,3300
55.100,2.6,3301
55.117,3.0,3302
55.133,3.5,3303
55.150,3.7,3304
55.167,4.0,3305
55.183,4.1,3306
55.200,4.2,3307
55.217,4.2,3308
55.233,4.3,3309
55.250,4.1,3310
55.267,4.0,3311
55.284,3.7,3312
55.300,3.5,3313
55.317,3.1,3314
55.334,2.7,3315
55.350,2.3,3316
55.367,1.8,3317
55.384,1.3,3318
55.400,0.8,3319
55.417,0.3,3320
55.434,-0.2,3321
55.450,-0.6,3322
55.467,-1.1,3323
55.484,-1.6,3324
55.500,-2.0,3325
55.517,-2.4,3326
55.534,-2.8,3327
55.551,-3.1,3328
55.567,-3.3,3329
55.584,-3.5,3330
55.601,-3.6,3331
55.617,-3.7,3332
55.634,-3.7,3333
55.651,-3.7,3334
55.667,-3.6,3335
55.684,-3.6,3336
55.701,-3.4,3337
55.717,-3.1,3338
55.734,-2.8,3339
55.751,-2.4,3340
55.768,-2.0,3341
55.784,-1.7,3342
55.801,-1.1,3343
55.818,-0.8,3344
55.834,-0.2,3345
55.851,0.4,3346
55.868,0.8,3347
55.884,1.1,3348
55.901,1.7,3349
55.918,2.2,3350
55.934,2.6,3351
55.951,3.0,3352
55.968,3.3,3353
55.985,3.6,3354
56.001,3.9,3355
56.018,4.0,3356
56.035,4.1,3357
56.051,4.1,3358
56.068,4.2,3359
56.085,4.1,3360
56.101,3.9,3361
56.118,3.7,3362
56.135,3.5,3363
56.151,3.0,3364
56.168,2.8,3365
56.185,2.3,3366
56.202,2.0,3367
56.218,1.4,3368
56.235,1.0,3369
56.252,0.5,3370
56.268,0.1,3371
56.285,-0.5,3372
56.302,-0.9,3373
56.318,-1.5,3374
56.335,-1.8,3375
56.352,-2.2,3376
56.368,-2.5,3377
56.385,-2.9,3378
56.402,-3.1,3379
56.419,-3.4,3380
56.435,-3.4,3381
56.452,-3.6,3382
56.469,-3.6,3383
56.485,-3.6,3384
56.502,-3.5,3385
56.519,-3.4,3386
56.535,-3.1,3387
56.552,-3.0,3388
56.569,-2.6,3389
56.585,-2.4,3390
56.602,-2.0,3391
56.619,-1.6,3392
56.636,-1.1,3393
56.652,-0.8,3394
56.669,-0.3,3395
56.686,0.3,3396
56.702,0.8,3397
56.719,1.2,3398
56.736,1.7,3399
56.752,2.1,3400
56.769,2.5,3401
56.786,2.8,3402
56.802,3.2,3403
56.819,3.4,3404
56.836,3.8,3405
56.853,3.8,3406
56.869,4.0,3407
56.886,4.0,3408
56.903,4.0,3409
56.919,3.9,3410
56.936,3.8,3411
56.953,3.6,3412
56.969,3.4,3413
56.986,3.0,3414
57.003,2.7,3415
57.019,2.2,3416
57.036,1.8,3417
57.053,1.4,3418
57.070,0.9,3419
57.086,0.5,3420
57.103,0.0,3421
57.120,-0.5,3422
57.136,-0.9,3423
57.153,-1.4,3424
57.170,-1.8,3425
57.186,-2.2,3426
57.203,-2.6,3427
57.220,-2.9,3428
57.236,-3.1,3429
57.253,-3.3,3430
57.270,-3.4,3431
57.287,-3.5,3432
57.303,-3.6,3433
57.320,-3.6,3434
57.337,-3.6,3435
57.353,-3.4,3436
57.370,-3.2,3437
57.387,-2.9,3438
57.403,-2.7,3439
57.420,-2.4,3440
57.437,-2.0,3441
57.453,-1.7,3442
57.470,-1.3,3443
57.487,-0.8,3444
57.504,-0.5,3445
57.520,0.1,3446
57.537,0.6,3447
57.554,1.0,3448
57.570,1.5,3449
57.587,1.9,3450
57.604,2.2,3451
57.620,2.7,3452
57.637,2.9,3453
57.654,3.4,3454
57.670,3.6,3455
57.687,3.8,3456
57.704,3.6,3457
57.721,3.8,3458
57.737,3.8,3459
57.754,3.8,3460
57.771,3.6,3461
57.787,3.5,3462
57.804,3.1,3463
57.821,3.0,3464
57.837,2.4,3465
57.854,2.1,3466
57.871,1.7,3467
57.887,1.3,3468
57.904,0.8,3469
57.921,0.4,3470
57.938,-0.2,3471
57.954,-0.5,3472
57.971,-1.1,3473
57.988,-1.5,3474
58.004,-1.9,3475
58.021,-2.2,3476
58.038,-2.5,3477
58.054,-2.7,3478
58.071,-3.1,3479
58.088,-3.1,3480
58.104,-3.4,3481
58.121,-3.4,3482
58.138,-3.6,3483
58.155,-3.5,3484
58.171,-3.4,3485
58.188,-3.2,3486
58.205,-3.1,3487
58.221,-2.9,3488
58.238,-2.7,3489
58.255,-2.2,3490
58.271,-2.0,3491
58.288,-1.5,3492
58.305,-1.2,3493
58.321,-0.8,3494
58.338,-0.4,3495
58.355,0.2,3496
58.371,0.5,3497
58.388,1.0,3498
58.405,1.4,3499
58.422,1.8,3500
58.438,2.0,3501
58.455,2.4,3502
58.472,2.8,3503
58.488,3.0,3504
58.505,3.2,3505
58.522,3.4,3506
58.538,3.4,3507
58.555,3.4,3508
58.572,3.4,3509
58.588,3.4,3510
58.605,3.3,3511
58.622,3.1,3512
58.639,2.8,3513
58.655,2.5,3514
58.672,2.0,3515
58.689,1.9,3516
58.705,1.5,3517
58.722,1.1,3518
58.739,0.7,3519
58.755,0.2,3520
58.772,-0.2,3521
58.789,-0.6,3522
58.805,-1.0,3523
58.822,-1.4,3524
58.839,-1.8,3525
58.856,-2.1,3526
58.872,-2.4,3527
58.889,-2.7,3528
58.906,-2.9,3529
58.922,-3.1,3530
58.939,-3.2,3531
58.956,-3.3,3532
58.972,-3.3,3533
58.989,-3.3,3534
59.006,-3.3,3535
59.022,-3.1,3536
59.039,-3.1,3537
59.056,-2.9,3538
59.073,-2.6,3539
59.089,-2.4,3540
59.106,-2.0,3541
59.123,-1.6,3542
59.139,-1.3,3543
59.156,-0.8,3544
59.173,-0.4,3545
59.189,-0.0,3546
59.206,0.4,3547
59.223,0.8,3548
59.239,1.2,3549
59.256,1.5,3550
59.273,2.0,3551
59.290,2.2,3552
59.306,2.5,3553
59.323,2.6,3554
59.340,2.8,3555
59.356,2.9,3556
59.373,3.0,3557
59.390,3.1,3558
59.406,3.1,3559
59.423,3.1,3560
59.440,3.0,3561
59.456,2.7,3562
59.473,2.5,3563
59.490,2.2,3564
59.507,2.0,3565
59.523,1.6,3566
59.540,1.3,3567
59.557,0.9,3568
59.573,0.5,3569
59.590,0.2,3570
59.607,-0.3,3571
59.623,-0.7,3572
59.640,-1.1,3573
59.657,-1.5,3574
59.673,-1.8,3575
59.690,-2.1,3576
59.707,-2.4,3577
59.724,-2.6,3578
59.740,-2.9,3579
59.757,-2.9,3580
59.774,-3.1,3581
59.790,-3.2,3582
59.807,-3.2,3583
59.824,-3.2,3584
59.840,-3.2,3585
59.857,-2.9,3586
59.874,-2.9,3587
59.890,-2.6,3588
59.907,-2.5,3589
59.924,-2.2,3590
59.941,-1.9,3591
59.957,-1.6,3592
59.974,-1.2,3593
59.991,-0.8,3594
60.007,-0.5,3595
60.024,-0.1,3596
60.041,0.3,3597
60.057,0.6,3598
60.074,1.1,3599
60.091,1.3,3600
60.107,1.7,3601
60.124,2.0,3602
60.141,2.1,3603
60.158,2.5,3604
60.174,2.7,3605
60.191,2.7,3606
60.208,2.9,3607
60.224,2.9,3608
60.241,2.9,3609
60.258,2.9,3610
60.274,2.8,3611
60.291,2.6,3612
60.308,2.5,3613
60.324,2.1,3614
60.341,1.9,3615
60.358,1.6,3616
60.375,1.3,3617
60.391,0.8,3618
60.408,0.4,3619
60.425,0.1,3620
60.441,-0.3,3621
60.458,-0.8,3622
60.475,-1.0,3623
60.491,-1.5,3624
60.508,-1.8,3625
60.525,-2.1,3626
60.541,-2.3,3627
60.558,-2.6,3628
60.575,-2.7,3629
60.592,-2.9,3630
60.608,-2.9,3631
60.625,-3.1,3632
60.642,-3.1,3633
60.658,-3.1,3634
60.675,-3.1,3635
60.692,-2.9,3636
60.708,-2.7,3637
60.725,-2.6,3638
60.742,-2.2,3639
60.758,-2.0,3640
60.775,-1.7,3641
60.792,-1.3,3642
60.809,-0.9,3643
60.825,-0.6,3644
60.842,-0.2,3645
60.859,0.2,3646
60.875,0.7,3647
60.892,1.1,3648
60.909,1.4,3649
60.925,1.8,3650
60.942,2.2,3651
60.959,2.3,3652
60.975,2.7,3653
60.992,2.8,3654
61.009,3.1,3655
61.026,3.1,3656
61.042,3.2,3657
61.059,3.2,3658
61.076,3.2,3659
61.092,3.1,3660
61.109,3.0,3661
61.126,2.8,3662
61.142,2.7,3663
61.159,2.3,3664
61.176,2.2,3665
61.192,1.7,3666
61.209,1.3,3667
61.226,1.0,3668
61.243,0.6,3669
61.259,0.2,3670
61.276,-0.2,3671
61.293,-0.6,3672
61.309,-1.0,3673
61.326,-1.3,3674
61.343,-1.7,3675
61.359,-1.9,3676
61.376,-2.2,3677
61.393,-2.4,3678
61.409,-2.6,3679
61.426,-2.9,3680
61.443,-2.9,3681
61.459,-3.0,3682
61.476,-3.1,3683
61.493,-3.1,3684
61.510,-3.0,3685
61.526,-2.9,3686
61.543,-2.7,3687
61.560,-2.6,3688
61.576,-2.4,3689
61.593,-2.2,3690
61.610,-1.9,3691
61.626,-1.6,3692
61.643,-1.3,3693
61.660,-1.0,3694
61.676,-0.6,3695
61.693,-0.2,3696
61.710,0.0,3697
61.727,0.4,3698
61.743,0.6,3699
61.760,1.0,3700
61.777,1.3,3701
61.793,1.6,3702
