,mass A,,
t,θ,frame,
0.000,-19.0,0
0.017,-13.1,1
0.033,-7.1,2
0.050,-0.7,3
0.067,5.6,4
0.083,11.9,5
0.100,18.0,6
0.117,23.9,7
0.134,29.5,8
0.150,34.7,9
0.167,39.6,10
0.184,44.1,11
0.200,48.3,12
0.217,51.8,13
0.234,55.2,14
0.250,57.8,15
0.267,59.8,16
0.284,61.1,17
0.300,62.1,18
0.317,62.5,19
0.334,62.4,20
0.351,61.8,21
0.367,60.7,22
0.384,59.1,23
0.401,56.8,24
0.417,53.8,25
0.434,50.6,26
0.451,46.6,27
0.467,42.7,28
0.484,38.1,29
0.501,33.0,30
0.517,27.8,31
0.534,22.4,32
0.551,16.6,33
0.568,10.5,34
0.584,4.5,35
0.601,-1.0,36
0.618,-7.6,37
0.634,-13.6,38
0.651,-19.3,39
0.668,-25.0,40
0.684,-30.1,41
0.701,-35.2,42
0.718,-40.1,43
0.734,-44.5,44
0.751,-48.5,45
0.768,-52.0,46
0.785,-55.0,47
0.801,-57.4,48
0.818,-59.4,49
0.835,-60.8,50
0.851,-61.6,51
0.868,-61.9,52
0.885,-61.7,53
0.901,-60.8,54
0.918,-59.5,55
0.935,-57.5,56
0.951,-55.1,57
0.968,-52.2,58
0.985,-48.8,59
1.002,-44.9,60
1.018,-40.6,61
1.035,-35.8,62
1.052,-30.7,63
1.068,-25.4,64
1.085,-19.8,65
1.102,-14.1,66
1.118,-7.9,67
1.135,-1.9,68
1.152,3.6,69
1.168,9.2,70
1.185,15.0,71
1.202,20.8,72
1.219,26.4,73
1.235,31.5,74
1.252,36.4,75
1.269,40.9,76
1.285,44.9,77
1.302,48.6,78
1.319,51.9,79
1.335,54.6,80
1.352,56.8,81
1.369,58.5,82
1.385,59.6,83
1.402,60.2,84
1.419,60.3,85
1.436,59.8,86
1.452,58.9,87
1.469,57.3,88
1.486,55.3,89
1.502,52.6,90
1.519,49.4,91
1.536,45.6,92
1.552,42.0,93
1.569,37.5,94
1.586,32.8,95
1.602,27.8,96
1.619,22.5,97
1.636,16.8,98
1.653,11.0,99
1.669,5.3,100
1.686,0.1,101
1.703,-5.6,102
1.719,-11.4,103
1.736,-16.9,104
1.753,-22.4,105
1.769,-27.8,106
1.786,-33.0,107
1.803,-37.8,108
1.819,-42.1,109
1.836,-46.0,110
1.853,-49.4,111
1.870,-52.3,112
1.886,-54.8,113
1.903,-56.6,114
1.920,-58.0,115
1.936,-58.9,116
1.953,-59.2,117
1.970,-59.0,118
1.986,-58.4,119
2.003,-57.0,120
2.020,-55.3,121
2.036,-52.9,122
2.053,-50.2,123
2.070,-46.9,124
2.087,-43.2,125
2.103,-39.0,126
2.120,-34.4,127
2.137,-29.4,128
2.153,-24.3,129
2.170,-18.9,130
2.187,-13.4,131
2.203,-7.9,132
2.220,-1.8,133
2.237,3.2,134
2.253,8.9,135
2.270,14.6,136
2.287,20.3,137
2.304,25.5,138
2.320,30.7,139
2.337,35.3,140
2.354,39.7,141
2.370,43.7,142
2.387,47.1,143
2.404,50.2,144
2.420,52.9,145
2.437,55.0,146
2.454,56.6,147
2.470,57.7,148
2.487,58.2,149
2.504,58.2,150
2.521,57.7,151
2.537,56.6,152
2.554,55.0,153
2.571,52.9,154
2.587,50.4,155
2.604,47.3,156
2.621,43.9,157
2.637,39.9,158
2.654,35.7,159
2.671,31.1,160
2.687,26.1,161
2.704,20.9,162
2.721,15.4,163
2.737,9.8,164
2.754,4.1,165
2.771,-0.9,166
2.788,-6.6,167
2.804,-12.0,168
2.821,-17.2,169
2.838,-23.1,170
2.854,-28.1,171
2.871,-33.0,172
2.888,-37.4,173
2.904,-41.6,174
2.921,-45.2,175
2.938,-48.5,176
2.954,-51.2,177
2.971,-53.4,178
2.988,-55.1,179
3.005,-56.5,180
3.021,-57.1,181
3.038,-57.3,182
3.055,-56.9,183
3.071,-56.1,184
3.088,-54.7,185
3.105,-52.9,186
3.121,-50.5,187
3.138,-47.7,188
3.155,-44.3,189
3.171,-40.6,190
3.188,-36.4,191
3.205,-32.0,192
3.222,-27.0,193
3.238,-22.0,194
3.255,-16.8,195
3.272,-11.5,196
3.288,-6.0,197
3.305,-0.2,198
3.322,5.5,199
3.338,10.9,200
3.355,16.6,201
3.372,21.8,202
3.388,26.8,203
3.405,31.6,204
3.422,36.6,205
3.439,40.8,206
3.455,44.5,207
3.472,47.7,208
3.489,50.6,209
3.505,53.0,210
3.522,54.8,211
3.539,56.2,212
3.555,57.1,213
3.572,57.4,214
3.589,57.2,215
3.605,56.5,216
3.622,55.3,217
3.639,53.5,218
3.656,51.3,219
3.672,48.5,220
3.689,45.4,221
3.706,41.8,222
3.722,37.8,223
3.739,33.4,224
3.756,28.8,225
3.772,23.9,226
3.789,18.6,227
3.806,13.1,228
3.822,7.6,229
3.839,2.1,230
3.856,-3.2,231
3.873,-8.5,232
3.889,-13.7,233
3.906,-18.8,234
3.923,-23.8,235
3.939,-28.6,236
3.956,-33.1,237
3.973,-37.4,238
3.989,-41.1,239
4.006,-44.6,240
4.023,-47.4,241
4.056,-52.1,243
4.073,-53.6,244
4.090,-54.5,245
4.106,-55.0,246
4.123,-54.8,247
4.140,-54.3,248
4.156,-53.1,249
4.173,-51.5,250
4.190,-49.3,251
4.206,-46.7,252
4.223,-43.6,253
4.240,-40.1,254
4.256,-36.2,255
4.273,-32.0,256
4.290,-27.4,257
4.307,-22.6,258
4.323,-17.5,259
4.340,-12.2,260
4.357,-6.8,261
4.373,-1.3,262
4.390,4.1,263
4.407,9.6,264
4.423,15.0,265
4.440,19.6,266
4.457,24.3,267
4.473,29.0,268
4.490,33.3,269
4.507,37.4,270
4.524,40.8,271
4.540,44.3,272
4.557,47.3,273
4.574,49.8,274
4.590,51.6,275
4.607,53.1,276
4.624,54.2,277
4.640,54.7,278
4.657,54.7,279
4.674,54.1,280
4.690,53.0,281
4.707,51.5,282
4.724,49.6,283
4.741,47.1,284
4.757,44.1,285
4.774,40.8,286
4.791,37.2,287
4.807,33.0,288
4.824,28.7,289
4.841,24.0,290
4.857,19.2,291
4.874,14.0,292
4.891,9.1,293
4.907,3.7,294
4.924,-1.6,295
4.941,-7.0,296
4.958,-12.1,297
4.974,-17.2,298
4.991,-22.1,299
5.008,-26.9,300
5.024,-31.2,301
5.041,-35.4,302
5.058,-39.2,303
5.074,-42.5,304
5.091,-45.7,305
5.108,-48.2,306
5.124,-50.2,307
5.141,-51.8,308
5.158,-52.8,309
5.175,-53.3,310
5.191,-53.2,311
5.208,-52.7,312
5.225,-51.7,313
5.241,-50.2,314
5.258,-48.2,315
5.275,-45.7,316
5.291,-42.8,317
5.308,-39.4,318
5.325,-35.5,319
5.341,-31.4,320
5.358,-27.0,321
5.375,-22.3,322
5.392,-17.4,323
5.408,-12.4,324
5.425,-7.3,325
5.442,-1.9,326
5.458,3.0,327
5.475,8.3,328
5.492,13.5,329
5.508,18.5,330
5.525,23.1,331
5.542,27.7,332
5.558,31.9,333
5.575,35.9,334
5.592,39.2,335
5.609,42.5,336
5.625,45.4,337
5.642,47.3,338
5.659,49.3,339
5.675,50.7,340
5.692,51.7,341
5.709,52.1,342
5.725,52.1,343
5.742,51.5,344
5.759,50.6,345
5.775,49.0,346
5.792,47.0,347
5.809,44.5,348
5.826,41.9,349
5.842,38.5,350
5.859,34.9,351
5.876,30.9,352
5.892,26.7,353
5.909,22.2,354
5.926,17.3,355
5.942,12.3,356
5.959,7.1,357
5.976,2.0,358
5.992,-2.7,359
6.009,-7.8,360
6.026,-12.7,361
6.043,-17.3,362
6.059,-22.0,363
6.076,-26.4,364
6.093,-30.8,365
6.109,-34.7,366
6.126,-38.5,367
6.143,-41.7,368
6.159,-44.5,369
6.176,-47.0,370
6.193,-48.9,371
6.209,-50.3,372
6.226,-51.2,373
6.243,-51.6,374
6.260,-51.6,375
6.276,-51.0,376
6.293,-49.9,377
6.310,-48.3,378
6.326,-46.3,379
6.343,-43.8,380
6.360,-40.9,381
6.376,-37.5,382
6.393,-33.7,383
6.410,-29.6,384
6.426,-25.4,385
6.443,-20.9,386
6.460,-16.3,387
6.477,-11.4,388
6.493,-6.5,389
6.510,-1.2,390
6.527,3.3,391
6.543,8.4,392
6.560,13.5,393
6.577,18.6,394
6.593,23.0,395
6.610,27.5,396
6.627,31.7,397
6.643,35.5,398
6.660,38.9,399
6.677,42.0,400
6.694,44.5,401
6.710,46.7,402
6.727,48.5,403
6.744,49.8,404
6.760,50.6,405
6.777,50.9,406
6.794,50.8,407
6.810,50.1,408
6.827,49.0,409
6.844,47.4,410
6.860,45.3,411
6.877,43.0,412
6.894,40.1,413
6.911,36.8,414
6.927,33.3,415
6.944,29.2,416
6.961,24.9,417
6.977,20.6,418
6.994,15.7,419
7.011,10.9,420
7.027,5.9,421
7.044,1.0,422
7.061,-4.0,423
7.077,-9.0,424
7.094,-13.7,425
7.111,-18.2,426
7.128,-22.6,427
7.144,-26.9,428
7.161,-31.0,429
7.178,-34.9,430
7.194,-38.3,431
7.211,-41.4,432
7.228,-43.9,433
7.244,-46.1,434
7.261,-47.7,435
7.278,-48.9,436
7.294,-49.7,437
7.311,-50.0,438
7.328,-49.7,439
7.345,-49.0,440
7.361,-47.7,441
7.378,-46.2,442
7.395,-43.9,443
7.411,-41.4,444
7.428,-38.4,445
7.445,-34.9,446
7.461,-31.1,447
7.478,-27.1,448
7.495,-22.9,449
7.511,-18.4,450
7.528,-13.8,451
7.545,-9.1,452
7.562,-4.0,453
7.578,1.1,454
7.595,5.4,455
7.612,10.2,456
7.628,15.4,457
7.645,20.1,458
7.662,24.2,459
7.678,28.4,460
7.695,32.3,461
7.712,35.8,462
7.728,38.9,463
7.745,41.8,464
7.762,44.2,465
7.779,46.0,466
7.795,47.6,467
7.812,48.6,468
7.829,49.2,469
7.845,49.3,470
7.862,49.0,471
7.879,48.1,472
7.895,46.8,473
7.912,44.9,474
7.929,42.9,475
7.945,40.3,476
7.962,37.3,477
7.979,33.8,478
7.995,30.2,479
8.012,26.1,480
8.029,21.9,481
8.046,17.3,482
8.062,12.6,483
8.079,7.8,484
8.096,3.0,485
8.112,-1.5,486
8.129,-6.3,487
8.146,-11.1,488
8.162,-15.5,489
8.179,-20.0,490
8.196,-24.1,491
8.212,-28.2,492
8.229,-32.0,493
8.246,-35.7,494
8.263,-38.8,495
8.279,-41.5,496
8.296,-43.7,497
8.313,-45.6,498
8.329,-46.9,499
8.346,-47.8,500
8.363,-48.2,501
8.379,-48.2,502
8.396,-47.7,503
8.413,-46.8,504
8.429,-45.3,505
8.446,-43.5,506
8.463,-41.1,507
8.480,-38.4,508
8.496,-35.3,509
8.513,-31.8,510
8.530,-28.0,511
8.546,-24.1,512
8.563,-19.7,513
8.580,-15.2,514
8.596,-10.6,515
8.613,-5.9,516
8.630,-0.9,517
8.646,4.1,518
8.663,9.1,519
8.680,13.8,520
8.697,18.5,521
8.713,22.8,522
8.730,27.2,523
8.747,31.1,524
8.763,34.7,525
8.780,37.9,526
8.797,40.8,527
8.813,43.3,528
8.830,45.4,529
8.847,46.9,530
8.863,48.2,531
8.880,48.9,532
8.897,49.1,533
8.914,49.0,534
8.930,48.3,535
8.947,47.2,536
8.964,45.6,537
8.980,43.6,538
8.997,41.3,539
9.014,38.5,540
9.030,35.3,541
9.047,31.7,542
9.064,27.9,543
9.080,23.7,544
9.097,19.0,545
9.114,14.7,546
9.131,9.8,547
9.147,4.7,548
9.164,-0.1,549
9.181,-4.9,550
9.197,-9.5,551
9.214,-14.0,552
9.231,-18.1,553
9.247,-22.2,554
9.264,-26.2,555
9.281,-30.0,556
9.297,-33.6,557
9.314,-36.8,558
9.331,-39.5,559
9.348,-41.9,560
9.364,-43.8,561
9.381,-45.2,562
9.398,-46.2,563
9.414,-46.7,564
9.431,-46.8,565
9.448,-46.5,566
9.464,-45.6,567
9.481,-44.4,568
9.498,-42.7,569
9.514,-40.6,570
9.531,-38.0,571
9.548,-35.0,572
9.565,-31.5,573
9.581,-28.0,574
9.598,-24.1,575
9.615,-20.1,576
9.631,-15.8,577
9.648,-11.4,578
9.665,-6.8,579
9.681,-2.0,580
9.698,2.8,581
9.715,7.7,582
9.731,12.5,583
9.748,17.0,584
9.765,21.5,585
9.782,26.0,586
9.798,29.9,587
9.815,33.4,588
9.832,36.6,589
9.848,39.5,590
9.865,41.9,591
9.882,44.0,592
9.898,45.6,593
9.915,46.9,594
9.932,47.6,595
9.948,48.0,596
9.965,47.9,597
9.982,47.3,598
9.999,46.3,599
10.015,44.9,600
10.032,43.1,601
10.049,40.8,602
10.065,38.1,603
10.082,35.1,604
10.099,31.8,605
10.115,28.2,606
10.132,24.7,607
10.149,20.6,608
10.165,16.3,609
10.182,11.9,610
10.199,7.2,611
10.216,2.5,612
10.232,-2.1,613
10.249,-6.8,614
10.266,-11.5,615
10.282,-15.9,616
10.299,-20.2,617
10.316,-24.2,618
10.332,-27.9,619
10.349,-31.3,620
10.366,-34.4,621
10.382,-37.0,622
10.399,-39.4,623
10.416,-41.2,624
10.433,-42.7,625
10.449,-43.7,626
10.466,-44.2,627
10.483,-44.4,628
10.499,-44.0,629
10.516,-43.2,630
10.533,-42.1,631
10.549,-40.4,632
10.566,-38.4,633
10.583,-36.0,634
10.599,-33.1,635
10.616,-30.0,636
10.633,-26.4,637
10.650,-22.7,638
10.666,-18.7,639
10.683,-14.4,640
10.700,-10.0,641
10.716,-5.7,642
10.733,-0.9,643
10.750,3.9,644
10.766,8.5,645
10.783,13.0,646
10.800,17.4,647
10.816,21.6,648
10.833,24.6,649
10.850,28.6,650
10.867,32.0,651
10.883,35.0,652
10.900,37.9,653
10.917,40.3,654
10.933,42.5,655
10.950,44.1,656
10.967,45.3,657
10.983,46.1,658
11.000,46.5,659
11.017,46.3,660
11.033,45.8,661
11.050,44.9,662
11.067,43.5,663
11.084,41.6,664
11.100,39.4,665
11.117,36.8,666
11.134,34.1,667
11.150,31.1,668
11.167,27.6,669
11.184,23.8,670
11.200,19.8,671
11.217,15.6,672
11.234,11.3,673
11.250,6.8,674
11.267,2.2,675
11.284,-3.9,676
11.301,-8.5,677
11.317,-12.7,678
11.334,-17.0,679
11.351,-20.8,680
11.367,-24.8,681
11.384,-28.3,682
11.401,-31.7,683
11.417,-34.6,684
11.434,-37.3,685
11.451,-39.4,686
11.467,-41.2,687
11.484,-42.6,688
11.501,-43.5,689
11.518,-44.0,690
11.534,-44.1,691
11.551,-43.6,692
11.568,-42.9,693
11.584,-41.5,694
11.601,-39.9,695
11.618,-37.8,696
11.634,-35.3,697
11.651,-32.4,698
11.668,-29.2,699
11.684,-25.6,700
11.701,-22.0,701
11.718,-18.0,702
11.735,-13.9,703
11.751,-9.7,704
11.768,-5.6,705
11.785,-0.7,706
11.801,3.8,707
11.818,8.4,708
11.835,13.0,709
11.851,17.4,710
11.868,21.5,711
11.885,23.9,712
11.901,27.4,713
11.918,30.7,714
11.935,33.7,715
11.952,36.4,716
11.968,38.6,717
11.985,40.4,718
12.002,41.8,719
12.018,43.3,720
12.035,44.0,721
12.052,44.1,722
12.068,43.8,723
12.085,43.1,724
12.102,42.1,725
12.118,40.6,726
12.135,38.8,727
12.152,36.3,728
12.169,33.7,729
12.185,30.9,730
12.202,27.5,731
12.219,24.1,732
12.235,21.5,733
12.252,17.4,734
12.269,13.1,735
12.285,8.9,736
12.302,4.4,737
12.319,0.1,738
12.335,-5.2,739
12.352,-9.4,740
12.369,-13.5,741
12.386,-17.4,742
12.402,-21.2,743
12.419,-24.9,744
12.436,-28.3,745
12.452,-31.4,746
12.469,-34.3,747
12.486,-36.7,748
12.502,-38.7,749
12.519,-40.3,750
12.536,-41.5,751
12.552,-42.3,752
12.569,-42.6,753
12.586,-42.5,754
12.603,-41.9,755
12.619,-41.0,756
12.636,-39.6,757
12.653,-37.9,758
12.669,-35.7,759
12.686,-33.1,760
12.703,-30.2,761
12.719,-27.0,762
12.736,-23.5,763
12.753,-19.8,764
12.769,-16.0,765
12.786,-12.0,766
12.803,-7.8,767
12.820,-3.6,768
12.836,0.9,769
12.853,5.1,770
12.870,9.7,771
12.886,14.0,772
12.903,17.7,773
12.920,20.7,774
12.936,24.4,775
12.953,27.5,776
12.970,30.6,777
12.986,33.3,778
13.003,35.7,779
13.020,37.8,780
13.037,39.4,781
13.053,40.7,782
13.070,41.7,783
13.087,42.1,784
13.103,42.1,785
13.120,41.7,786
13.137,40.9,787
13.153,39.7,788
13.170,38.1,789
13.187,36.1,790
13.203,33.8,791
13.220,31.1,792
13.237,28.1,793
13.253,24.8,794
13.270,21.1,795
13.287,17.2,796
13.304,13.4,797
13.320,9.3,798
13.337,5.5,799
13.354,1.4,800
13.370,-2.8,801
13.387,-6.9,802
13.404,-10.9,803
13.420,-14.8,804
13.437,-18.5,805
13.454,-22.0,806
13.470,-25.5,807
13.487,-28.7,808
13.504,-31.6,809
13.521,-34.2,810
13.537,-36.4,811
13.554,-38.2,812
13.571,-39.5,813
13.587,-40.5,814
13.604,-41.0,815
13.621,-41.2,816
13.637,-40.9,817
13.654,-40.2,818
13.671,-39.1,819
13.687,-37.6,820
13.704,-35.7,821
13.721,-33.4,822
13.738,-30.7,823
13.754,-27.8,824
13.771,-24.5,825
13.788,-21.1,826
13.804,-17.4,827
13.821,-13.6,828
13.838,-9.7,829
13.854,-5.6,830
13.871,-1.0,831
13.888,2.8,832
13.904,7.0,833
13.921,11.0,834
13.938,15.3,835
13.955,18.6,836
13.971,21.8,837
13.988,25.1,838
14.005,28.2,839
14.021,31.0,840
14.038,33.6,841
14.055,35.8,842
14.071,37.5,843
14.088,38.8,844
14.105,39.9,845
14.121,40.6,846
14.138,40.8,847
14.155,40.6,848
14.172,40.0,849
14.188,38.9,850
14.205,37.5,851
14.222,35.8,852
14.238,33.6,853
14.255,31.0,854
14.272,28.4,855
14.288,25.3,856
14.305,22.0,857
14.322,18.4,858
14.338,14.6,859
14.355,10.6,860
14.372,6.8,861
14.389,3.3,862
14.405,-0.7,863
14.422,-4.8,864
14.439,-8.7,865
14.455,-12.7,866
14.472,-16.3,867
14.489,-20.0,868
14.505,-23.3,869
14.522,-26.5,870
14.539,-29.5,871
14.555,-32.1,872
14.572,-34.4,873
14.589,-36.3,874
14.606,-37.7,875
14.622,-39.0,876
14.639,-39.6,877
14.656,-39.9,878
14.672,-39.8,879
14.689,-39.3,880
14.706,-38.3,881
14.722,-37.1,882
14.739,-35.2,883
14.756,-33.3,884
14.772,-30.7,885
14.789,-28.0,886
14.806,-24.9,887
14.823,-21.6,888
14.839,-18.1,889
14.856,-14.5,890
14.873,-10.6,891
14.889,-6.8,892
14.906,-2.5,893
14.923,1.6,894
14.939,5.9,895
14.956,9.7,896
14.973,13.8,897
14.989,17.9,898
15.006,20.1,899
15.023,23.1,900
15.040,26.3,901
15.056,29.0,902
15.073,31.7,903
15.090,34.0,904
15.106,35.8,905
15.123,37.3,906
15.140,38.5,907
15.156,39.2,908
15.173,39.5,909
15.190,39.4,910
15.206,39.0,911
15.223,38.2,912
15.240,37.1,913
15.257,35.4,914
15.273,33.4,915
15.290,31.2,916
15.307,28.6,917
15.323,25.6,918
15.340,22.6,919
15.357,19.2,920
15.373,15.5,921
15.390,11.4,922
15.407,8.4,923
15.423,4.5,924
15.440,0.7,925
15.457,-3.4,926
15.474,-7.3,927
15.490,-11.1,928
15.507,-14.7,929
15.524,-18.2,930
15.540,-21.6,931
15.557,-24.8,932
15.574,-27.7,933
15.590,-30.4,934
15.607,-32.7,935
15.624,-34.6,936
15.640,-36.1,937
15.657,-37.3,938
15.674,-38.1,939
15.691,-38.5,940
15.707,-38.5,941
15.724,-38.0,942
15.741,-37.2,943
15.757,-36.0,944
15.774,-34.5,945
15.791,-32.5,946
15.807,-30.2,947
15.824,-27.6,948
15.841,-24.7,949
15.857,-21.5,950
15.874,-18.2,951
15.891,-14.6,952
15.908,-10.9,953
15.924,-7.1,954
15.941,-3.2,955
15.958,0.9,956
15.974,4.8,957
15.991,8.9,958
16.008,12.5,959
16.024,16.5,960
16.041,20.2,961
16.058,23.4,962
16.074,24.6,963
16.091,27.5,964
16.108,30.1,965
16.125,32.4,966
16.141,34.2,967
16.158,35.7,968
16.175,37.0,969
16.191,37.8,970
16.208,38.3,971
16.225,38.3,972
16.241,37.9,973
16.258,37.2,974
16.275,36.1,975
16.291,34.5,976
16.308,32.8,977
16.325,30.7,978
16.342,28.0,979
16.358,25.5,980
16.375,22.4,981
16.392,20.0,982
16.408,16.9,983
16.425,13.1,984
16.442,9.5,985
16.458,5.7,986
16.475,1.5,987
16.492,-2.4,988
16.508,-6.2,989
16.525,-10.0,990
16.542,-13.6,991
16.559,-17.0,992
16.575,-20.3,993
16.592,-23.5,994
16.609,-26.4,995
16.625,-28.9,996
16.642,-31.1,997
16.659,-33.1,998
16.675,-34.6,999
16.692,-35.9,1000
16.709,-36.6,1001
16.725,-37.1,1002
16.742,-37.1,1003
16.759,-36.8,1004
16.776,-36.0,1005
16.792,-34.9,1006
16.809,-33.4,1007
16.826,-31.6,1008
16.842,-29.4,1009
16.859,-26.8,1010
16.876,-24.1,1011
16.892,-21.0,1012
16.909,-17.9,1013
16.926,-14.5,1014
16.942,-10.9,1015
16.959,-7.1,1016
16.976,-3.4,1017
16.993,0.6,1018
17.009,4.5,1019
17.026,8.4,1020
17.043,12.1,1021
17.059,15.8,1022
17.076,19.2,1023
17.093,22.8,1024
17.109,23.6,1025
17.126,26.3,1026
17.143,28.8,1027
17.159,31.0,1028
17.176,32.8,1029
17.193,34.4,1030
17.210,35.6,1031
17.226,36.4,1032
17.243,36.8,1033
17.260,36.9,1034
17.276,36.5,1035
17.293,35.8,1036
17.310,34.8,1037
17.326,33.4,1038
17.343,31.5,1039
17.360,29.4,1040
17.376,27.0,1041
17.393,24.4,1042
17.410,21.5,1043
17.427,18.4,1044
17.443,15.0,1045
17.460,12.6,1046
17.477,8.6,1047
17.493,4.9,1048
17.510,1.1,1049
17.527,-2.4,1050
17.543,-6.2,1051
17.560,-9.8,1052
17.577,-13.3,1053
17.593,-16.5,1054
17.610,-19.8,1055
17.627,-22.7,1056
17.644,-25.6,1057
17.660,-27.9,1058
17.677,-30.3,1059
17.694,-32.1,1060
17.710,-33.6,1061
17.727,-34.7,1062
17.744,-35.6,1063
17.760,-35.9,1064
17.777,-36.0,1065
17.794,-35.6,1066
17.810,-34.9,1067
17.827,-33.8,1068
17.844,-32.3,1069
17.861,-30.5,1070
17.877,-28.4,1071
17.894,-25.9,1072
17.911,-23.3,1073
17.927,-20.3,1074
17.944,-17.2,1075
17.961,-13.8,1076
17.977,-10.4,1077
17.994,-6.8,1078
18.011,-3.3,1079
18.027,0.6,1080
18.044,4.3,1081
18.061,8.0,1082
18.078,11.6,1083
18.094,15.4,1084
18.111,18.7,1085
18.128,21.6,1086
18.144,25.0,1087
18.161,27.4,1088
18.178,30.1,1089
18.194,32.1,1090
18.211,33.7,1091
18.228,35.2,1092
18.244,36.3,1093
18.261,37.0,1094
18.278,37.4,1095
18.295,37.4,1096
18.311,37.0,1097
18.328,36.2,1098
18.345,35.2,1099
18.361,33.7,1100
18.378,31.9,1101
18.395,29.9,1102
18.411,27.5,1103
18.428,24.7,1104
18.445,21.9,1105
18.461,18.5,1106
18.478,15.0,1107
18.495,11.2,1108
18.511,7.6,1109
18.528,4.0,1110
18.545,0.6,1111
18.562,-3.1,1112
18.578,-6.6,1113
18.595,-10.1,1114
18.612,-13.3,1115
18.628,-16.5,1116
18.645,-19.5,1117
18.662,-22.4,1118
18.678,-25.0,1119
18.695,-27.4,1120
18.712,-29.5,1121
18.728,-31.3,1122
18.745,-32.7,1123
18.762,-33.9,1124
18.779,-34.5,1125
18.795,-34.9,1126
18.812,-34.8,1127
18.829,-34.4,1128
18.845,-33.6,1129
18.862,-32.5,1130
18.879,-31.0,1131
18.895,-29.2,1132
18.912,-27.1,1133
18.929,-24.7,1134
18.945,-22.0,1135
18.962,-19.2,1136
18.979,-16.1,1137
18.996,-12.9,1138
19.012,-9.5,1139
19.029,-6.0,1140
19.046,-2.4,1141
19.062,1.2,1142
19.079,4.9,1143
19.096,8.6,1144
19.112,11.7,1145
19.129,15.3,1146
19.146,18.4,1147
19.162,20.3,1148
19.179,23.0,1149
19.196,25.5,1150
19.213,27.8,1151
19.229,29.7,1152
19.246,31.4,1153
19.263,32.6,1154
19.279,33.6,1155
19.296,34.2,1156
19.313,34.5,1157
19.329,34.4,1158
19.346,34.0,1159
19.363,33.2,1160
19.379,32.1,1161
19.396,30.7,1162
19.413,28.8,1163
19.430,26.7,1164
19.446,24.4,1165
19.463,21.9,1166
19.480,18.8,1167
19.496,15.9,1168
19.513,12.7,1169
19.530,9.5,1170
19.546,6.2,1171
19.563,3.4,1172
19.580,-0.3,1173
19.596,-4.0,1174
19.613,-7.2,1175
19.630,-10.6,1176
19.647,-13.7,1177
19.663,-16.8,1178
19.680,-19.6,1179
19.697,-22.3,1180
19.713,-24.9,1181
19.730,-27.1,1182
19.747,-29.0,1183
19.763,-30.7,1184
19.780,-31.9,1185
19.797,-32.9,1186
19.813,-33.5,1187
19.830,-33.7,1188
19.847,-33.6,1189
19.864,-33.0,1190
19.880,-32.2,1191
19.897,-31.0,1192
19.914,-29.5,1193
19.930,-27.7,1194
19.947,-25.6,1195
19.964,-23.1,1196
19.980,-20.5,1197
19.997,-17.7,1198
20.014,-14.7,1199
20.030,-11.6,1200
20.047,-8.2,1201
20.064,-4.8,1202
20.081,-1.3,1203
20.097,2.1,1204
20.114,5.8,1205
20.131,8.9,1206
20.147,12.2,1207
20.164,14.5,1208
20.181,18.0,1209
20.197,20.5,1210
20.214,23.1,1211
20.231,25.4,1212
20.247,27.6,1213
20.264,29.3,1214
20.281,30.9,1215
20.298,32.2,1216
20.314,33.1,1217
20.331,33.7,1218
20.348,33.8,1219
20.364,33.6,1220
20.381,33.1,1221
20.398,32.4,1222
20.414,31.0,1223
20.431,29.6,1224
20.448,27.8,1225
20.464,25.6,1226
20.481,23.3,1227
20.498,20.6,1228
20.515,17.8,1229
20.531,14.6,1230
20.548,12.0,1231
20.565,8.3,1232
20.581,4.8,1233
20.598,1.7,1234
20.615,-1.5,1235
20.631,-4.9,1236
20.648,-8.0,1237
20.665,-11.2,1238
20.681,-14.2,1239
20.698,-17.1,1240
20.715,-19.8,1241
20.732,-22.4,1242
20.748,-24.7,1243
20.765,-26.8,1244
20.782,-28.5,1245
20.798,-30.1,1246
20.815,-31.1,1247
20.832,-32.0,1248
20.848,-32.4,1249
20.865,-32.5,1250
20.882,-32.3,1251
20.898,-31.7,1252
20.915,-30.7,1253
20.932,-29.5,1254
20.949,-27.8,1255
20.965,-26.0,1256
20.982,-23.8,1257
20.999,-21.5,1258
21.015,-18.8,1259
21.032,-16.0,1260
21.049,-13.0,1261
21.065,-9.9,1262
21.082,-6.6,1263
21.099,-3.3,1264
21.115,0.3,1265
21.132,3.4,1266
21.149,6.9,1267
21.166,10.2,1268
21.182,13.9,1269
21.199,16.6,1270
21.216,19.8,1271
21.232,22.6,1272
21.249,24.8,1273
21.266,26.3,1274
21.282,28.5,1275
21.299,30.2,1276
21.316,31.5,1277
21.332,32.5,1278
21.349,33.1,1279
21.366,33.7,1280
21.383,33.7,1281
21.399,33.4,1282
21.416,32.5,1283
21.433,31.5,1284
21.449,30.2,1285
21.466,28.5,1286
21.483,27.0,1287
21.499,24.7,1288
21.516,22.2,1289
21.533,19.8,1290
21.549,16.6,1291
21.566,14.0,1292
21.583,10.9,1293
21.600,7.7,1294
21.616,4.3,1295
21.633,1.0,1296
21.650,-2.4,1297
21.666,-5.7,1298
21.683,-8.8,1299
21.700,-12.0,1300
21.716,-14.9,1301
21.733,-17.6,1302
21.750,-20.2,1303
21.766,-22.6,1304
21.783,-24.8,1305
21.800,-26.6,1306
21.817,-28.2,1307
21.833,-29.5,1308
21.850,-30.4,1309
21.867,-31.1,1310
21.883,-31.3,1311
21.900,-31.3,1312
21.917,-30.9,1313
21.933,-30.2,1314
21.950,-29.2,1315
21.967,-27.7,1316
21.983,-26.1,1317
22.000,-24.1,1318
22.017,-22.0,1319
22.034,-19.5,1320
22.050,-16.9,1321
22.067,-14.1,1322
22.084,-11.2,1323
22.100,-8.1,1324
22.117,-4.9,1325
22.134,-1.6,1326
22.150,1.8,1327
22.167,5.1,1328
22.184,8.2,1329
22.200,11.4,1330
22.217,14.7,1331
22.234,17.8,1332
22.251,20.7,1333
22.267,23.3,1334
22.284,25.4,1335
22.301,27.7,1336
22.317,29.4,1337
22.334,30.9,1338
22.351,32.1,1339
22.367,32.9,1340
22.384,33.4,1341
22.401,33.6,1342
22.417,33.5,1343
22.434,33.1,1344
22.451,32.3,1345
22.468,31.1,1346
22.484,29.7,1347
22.501,28.1,1348
22.518,26.0,1349
22.534,23.8,1350
22.551,21.1,1351
22.568,18.6,1352
22.584,15.6,1353
22.601,11.7,1354
22.618,8.6,1355
22.634,5.6,1356
22.651,2.4,1357
22.668,-1.0,1358
22.685,-4.2,1359
22.701,-7.2,1360
22.718,-10.3,1361
22.735,-13.1,1362
22.751,-15.9,1363
22.768,-18.4,1364
22.785,-20.9,1365
22.801,-22.9,1366
22.818,-24.9,1367
22.835,-26.5,1368
22.851,-27.9,1369
22.868,-29.0,1370
22.885,-29.7,1371
22.902,-30.1,1372
22.918,-30.2,1373
22.935,-29.9,1374
22.952,-29.4,1375
22.968,-28.5,1376
22.985,-27.4,1377
23.002,-25.8,1378
23.018,-24.1,1379
23.035,-22.1,1380
23.052,-19.8,1381
23.068,-17.3,1382
23.085,-14.8,1383
23.102,-11.9,1384
23.119,-9.0,1385
23.135,-6.0,1386
23.152,-2.8,1387
23.169,0.4,1388
23.185,3.7,1389
23.202,7.0,1390
23.219,10.1,1391
23.235,13.0,1392
23.252,16.1,1393
23.269,18.9,1394
23.285,21.6,1395
23.302,23.9,1396
23.319,25.9,1397
23.336,27.8,1398
23.352,29.3,1399
23.369,30.6,1400
23.386,31.6,1401
23.402,32.2,1402
23.419,32.5,1403
23.436,32.5,1404
23.452,32.2,1405
23.469,31.6,1406
23.486,30.6,1407
23.502,29.3,1408
23.519,27.8,1409
23.536,25.9,1410
23.553,23.8,1411
23.569,21.6,1412
23.586,19.1,1413
23.603,16.4,1414
23.619,13.3,1415
23.636,9.3,1416
23.653,6.6,1417
23.669,3.2,1418
23.686,-0.0,1419
23.703,-3.1,1420
23.719,-6.0,1421
23.736,-9.0,1422
23.753,-11.7,1423
23.769,-14.4,1424
23.786,-16.9,1425
23.803,-19.3,1426
23.820,-21.5,1427
23.836,-23.4,1428
23.853,-25.1,1429
23.870,-26.5,1430
23.886,-27.7,1431
23.903,-28.5,1432
23.920,-29.0,1433
23.936,-29.2,1434
23.953,-29.0,1435
23.970,-28.6,1436
23.986,-27.8,1437
24.003,-26.7,1438
24.020,-25.4,1439
24.037,-23.8,1440
24.053,-22.0,1441
24.070,-19.8,1442
24.087,-17.6,1443
24.103,-15.0,1444
24.120,-12.5,1445
24.137,-9.7,1446
24.153,-6.8,1447
24.170,-3.8,1448
24.187,-0.7,1449
24.203,2.3,1450
24.220,5.6,1451
24.237,8.5,1452
24.254,11.4,1453
24.270,14.4,1454
24.287,16.9,1455
24.304,19.5,1456
24.320,21.5,1457
24.337,24.4,1458
24.354,26.1,1459
24.370,27.6,1460
24.387,28.9,1461
24.404,30.0,1462
24.420,30.7,1463
24.437,31.0,1464
24.454,31.1,1465
24.471,30.9,1466
24.487,30.4,1467
24.504,29.6,1468
24.521,28.4,1469
24.537,27.0,1470
24.554,25.4,1471
24.571,23.4,1472
24.587,20.9,1473
24.604,18.7,1474
24.621,16.0,1475
24.637,12.6,1476
24.654,10.1,1477
24.671,6.9,1478
24.688,3.8,1479
24.704,1.0,1480
24.721,-2.1,1481
24.738,-5.0,1482
24.754,-7.9,1483
24.771,-10.7,1484
24.788,-13.2,1485
24.804,-15.8,1486
24.821,-18.0,1487
24.838,-20.2,1488
24.854,-22.1,1489
24.871,-23.8,1490
24.888,-25.3,1491
24.905,-26.4,1492
24.921,-27.3,1493
24.938,-27.9,1494
24.955,-28.1,1495
24.971,-28.1,1496
24.988,-27.7,1497
25.005,-27.0,1498
25.021,-26.1,1499
25.038,-24.9,1500
25.055,-23.3,1501
25.071,-21.6,1502
25.088,-19.5,1503
25.105,-17.5,1504
25.122,-15.0,1505
25.138,-12.5,1506
25.155,-9.8,1507
25.172,-7.1,1508
25.188,-4.2,1509
25.205,-1.3,1510
25.222,1.6,1511
25.238,4.5,1512
25.255,7.6,1513
25.272,10.4,1514
25.288,13.1,1515
25.305,15.8,1516
25.322,18.0,1517
25.339,20.1,1518
25.355,22.0,1519
25.372,23.9,1520
25.389,25.3,1521
25.405,26.6,1522
25.422,27.5,1523
25.439,28.1,1524
25.455,28.6,1525
25.472,28.9,1526
25.489,28.6,1527
25.505,28.1,1528
25.522,27.5,1529
25.539,26.4,1530
25.556,25.0,1531
25.572,23.2,1532
25.589,22.0,1533
25.606,19.6,1534
25.622,17.6,1535
25.639,15.1,1536
25.656,12.5,1537
25.672,9.8,1538
25.689,6.8,1539
25.706,4.2,1540
25.722,1.4,1541
25.739,-1.6,1542
25.756,-4.4,1543
25.773,-7.2,1544
25.789,-9.8,1545
25.806,-12.4,1546
25.823,-14.7,1547
25.839,-17.1,1548
25.856,-19.1,1549
25.873,-21.1,1550
25.889,-22.7,1551
25.906,-24.1,1552
25.923,-25.3,1553
25.939,-26.2,1554
25.956,-26.7,1555
25.973,-27.1,1556
25.990,-27.0,1557
26.006,-26.8,1558
26.023,-26.1,1559
26.040,-25.3,1560
26.056,-24.1,1561
26.073,-22.7,1562
26.090,-21.0,1563
26.106,-19.3,1564
26.123,-17.1,1565
26.140,-14.9,1566
26.156,-12.4,1567
26.173,-9.9,1568
26.190,-7.2,1569
26.207,-4.4,1570
26.223,-1.5,1571
26.240,1.2,1572
26.257,4.3,1573
26.273,7.1,1574
26.290,9.8,1575
26.307,12.4,1576
26.323,15.6,1577
26.340,17.9,1578
26.357,20.0,1579
26.373,21.0,1580
26.390,22.4,1581
26.407,24.0,1582
26.424,25.5,1583
26.440,26.4,1584
26.457,27.0,1585
26.474,27.5,1586
26.490,27.8,1587
26.507,27.5,1588
26.524,27.0,1589
26.540,26.4,1590
26.557,25.3,1591
26.574,24.1,1592
26.590,22.7,1593
26.607,21.0,1594
26.624,19.1,1595
26.641,17.0,1596
26.657,15.0,1597
26.674,12.5,1598
26.691,9.9,1599
26.707,7.4,1600
26.724,4.4,1601
26.741,1.7,1602
26.757,-1.2,1603
26.774,-3.9,1604
26.791,-6.6,1605
26.807,-9.1,1606
26.824,-11.6,1607
26.841,-14.0,1608
26.858,-16.1,1609
26.874,-18.2,1610
26.891,-20.0,1611
26.908,-21.6,1612
26.924,-23.1,1613
26.941,-24.2,1614
26.958,-25.1,1615
26.974,-25.7,1616
26.991,-26.0,1617
27.008,-26.0,1618
27.024,-25.8,1619
27.041,-25.2,1620
27.058,-24.5,1621
27.075,-23.3,1622
27.091,-22.0,1623
27.108,-20.4,1624
27.125,-18.6,1625
27.141,-16.6,1626
27.158,-14.5,1627
27.175,-12.2,1628
27.191,-9.7,1629
27.208,-7.1,1630
27.225,-4.5,1631
27.241,-1.7,1632
27.258,1.3,1633
27.275,3.9,1634
27.292,6.8,1635
27.308,9.3,1636
27.325,11.9,1637
27.342,14.9,1638
27.358,16.2,1639
27.375,18.1,1640
27.392,19.9,1641
27.408,21.5,1642
27.425,23.1,1643
27.442,24.4,1644
27.458,25.2,1645
27.475,25.9,1646
27.492,26.3,1647
27.509,26.7,1648
27.525,26.5,1649
27.542,26.0,1650
27.559,25.4,1651
27.575,24.3,1652
27.592,23.3,1653
27.609,21.7,1654
27.625,20.2,1655
27.642,18.4,1656
27.659,16.2,1657
27.675,14.1,1658
27.692,11.8,1659
27.709,9.4,1660
27.726,6.9,1661
27.742,4.1,1662
27.759,1.5,1663
27.776,-1.0,1664
27.792,-3.7,1665
27.809,-6.2,1666
27.826,-8.8,1667
27.842,-11.1,1668
27.859,-13.4,1669
27.876,-15.5,1670
27.892,-17.5,1671
27.909,-19.3,1672
27.926,-20.8,1673
27.943,-22.2,1674
27.959,-23.3,1675
27.976,-24.1,1676
27.993,-24.7,1677
28.009,-25.0,1678
28.026,-25.0,1679
28.043,-24.8,1680
28.059,-24.2,1681
28.076,-23.4,1682
28.093,-22.4,1683
28.109,-21.1,1684
28.126,-19.6,1685
28.143,-17.9,1686
28.160,-15.9,1687
28.176,-13.8,1688
28.193,-11.6,1689
28.210,-9.2,1690
28.226,-6.7,1691
28.243,-4.2,1692
28.260,-1.5,1693
28.276,1.2,1694
28.293,3.8,1695
28.310,6.5,1696
28.326,8.9,1697
28.343,11.6,1698
28.360,14.0,1699
28.377,16.4,1700
28.393,18.7,1701
28.410,20.7,1702
28.427,22.4,1703
28.443,23.8,1704
28.460,25.0,1705
28.477,26.0,1706
28.493,26.7,1707
28.510,27.1,1708
28.527,27.3,1709
28.543,27.3,1710
28.560,26.9,1711
28.577,26.2,1712
28.594,25.4,1713
28.610,24.1,1714
28.627,22.6,1715
28.644,21.1,1716
28.660,19.2,1717
28.677,17.0,1718
28.694,14.6,1719
28.710,11.8,1720
28.727,9.7,1721
28.744,7.2,1722
28.760,4.5,1723
28.777,1.8,1724
28.794,-0.7,1725
28.811,-3.4,1726
28.827,-5.8,1727
28.844,-8.2,1728
28.861,-10.6,1729
28.877,-12.8,1730
28.894,-14.9,1731
28.911,-16.7,1732
28.927,-18.4,1733
28.944,-20.0,1734
28.961,-21.2,1735
28.977,-22.3,1736
28.994,-23.1,1737
29.011,-23.7,1738
29.027,-23.9,1739
29.044,-23.9,1740
29.061,-23.6,1741
29.078,-23.1,1742
29.094,-22.3,1743
29.111,-21.3,1744
29.128,-20.1,1745
29.144,-18.6,1746
29.161,-16.9,1747
29.178,-15.0,1748
29.194,-13.0,1749
29.211,-10.8,1750
29.228,-8.5,1751
29.244,-6.2,1752
29.261,-3.7,1753
29.278,-1.1,1754
29.295,1.6,1755
29.311,4.2,1756
29.328,6.6,1757
29.345,9.0,1758
29.361,11.6,1759
29.378,13.8,1760
29.395,16.3,1761
29.411,18.1,1762
29.428,19.8,1763
29.445,21.6,1764
29.461,22.9,1765
29.478,24.1,1766
29.495,25.1,1767
29.512,25.7,1768
29.528,26.2,1769
29.545,26.2,1770
29.562,26.2,1771
29.578,25.8,1772
29.595,25.1,1773
29.612,24.2,1774
29.628,23.0,1775
29.645,21.6,1776
29.662,20.1,1777
29.678,18.1,1778
29.695,15.9,1779
29.712,13.7,1780
29.729,11.6,1781
29.745,8.8,1782
29.762,6.4,1783
29.779,4.0,1784
29.795,1.5,1785
29.812,-1.1,1786
29.829,-3.6,1787
29.845,-6.0,1788
29.862,-8.3,1789
29.879,-10.6,1790
29.895,-12.6,1791
29.912,-14.6,1792
29.929,-16.3,1793
29.946,-18.0,1794
29.962,-19.4,1795
29.979,-20.6,1796
29.996,-21.6,1797
30.012,-22.4,1798
30.029,-22.8,1799
30.046,-23.0,1800
30.062,-23.0,1801
30.079,-22.7,1802
30.096,-22.1,1803
30.112,-21.4,1804
30.129,-20.4,1805
30.146,-19.2,1806
30.163,-17.7,1807
30.179,-16.1,1808
30.196,-14.2,1809
30.213,-12.3,1810
30.229,-10.2,1811
30.246,-8.0,1812
30.263,-5.5,1813
30.279,-3.3,1814
30.296,-0.7,1815
30.313,1.6,1816
30.329,4.3,1817
30.346,6.9,1818
30.363,9.0,1819
30.380,11.4,1820
30.396,13.5,1821
30.413,15.2,1822
30.430,17.2,1823
30.446,19.2,1824
30.463,21.1,1825
30.480,22.4,1826
30.496,23.4,1827
30.513,24.2,1828
30.530,24.7,1829
30.546,25.0,1830
30.563,25.1,1831
30.580,25.0,1832
30.597,24.6,1833
30.613,23.8,1834
30.630,23.0,1835
30.647,22.0,1836
30.663,20.3,1837
30.680,18.6,1838
30.697,17.0,1839
30.713,15.1,1840
30.730,13.0,1841
30.747,10.5,1842
30.763,8.0,1843
30.780,5.9,1844
30.797,3.7,1845
30.814,0.9,1846
30.830,-1.4,1847
30.847,-3.8,1848
30.864,-6.1,1849
30.880,-8.3,1850
30.897,-10.4,1851
30.914,-12.5,1852
30.930,-14.3,1853
30.947,-16.0,1854
30.964,-17.5,1855
30.980,-18.9,1856
30.997,-19.9,1857
31.014,-20.8,1858
31.031,-21.5,1859
31.047,-21.9,1860
31.064,-22.1,1861
31.081,-22.0,1862
31.097,-21.7,1863
31.114,-21.1,1864
31.131,-20.3,1865
31.147,-19.3,1866
31.164,-18.1,1867
31.181,-16.6,1868
31.197,-15.1,1869
31.214,-13.2,1870
31.231,-11.3,1871
31.248,-9.3,1872
31.264,-7.1,1873
31.281,-4.9,1874
31.298,-2.5,1875
31.314,-0.1,1876
31.331,2.3,1877
31.348,4.8,1878
31.364,6.8,1879
31.381,9.3,1880
31.398,11.2,1881
31.414,13.3,1882
31.431,15.4,1883
31.448,16.7,1884
31.465,18.3,1885
31.481,19.4,1886
31.498,20.7,1887
31.515,21.7,1888
31.531,22.2,1889
31.548,22.6,1890
31.565,23.0,1891
31.581,23.0,1892
31.598,22.6,1893
31.615,22.2,1894
31.631,21.6,1895
31.648,20.7,1896
31.665,19.4,1897
31.682,18.3,1898
31.698,16.7,1899
31.715,15.3,1900
31.732,13.5,1901
31.748,11.2,1902
31.765,9.4,1903
31.782,7.0,1904
31.798,5.0,1905
31.815,2.5,1906
31.832,0.1,1907
31.848,-2.0,1908
31.865,-4.4,1909
31.882,-6.6,1910
31.899,-8.6,1911
31.915,-10.7,1912
31.932,-12.5,1913
31.949,-14.3,1914
31.965,-15.8,1915
31.982,-17.2,1916
31.999,-18.4,1917
32.015,-19.5,1918
32.032,-20.2,1919
32.049,-20.8,1920
32.065,-21.1,1921
32.082,-21.2,1922
32.099,-21.0,1923
32.116,-20.7,1924
32.132,-20.1,1925
32.149,-19.3,1926
32.166,-18.2,1927
32.182,-17.1,1928
32.199,-15.5,1929
32.216,-14.0,1930
32.232,-12.2,1931
32.249,-10.3,1932
32.266,-8.2,1933
32.282,-6.2,1934
32.299,-4.0,1935
32.316,-1.6,1936
32.333,0.5,1937
32.349,3.0,1938
32.366,4.8,1939
32.383,7.2,1940
32.399,9.4,1941
32.416,11.2,1942
32.433,13.5,1943
32.449,14.9,1944
32.466,16.3,1945
32.483,17.8,1946
32.499,19.4,1947
32.516,20.9,1948
32.533,21.8,1949
32.550,22.4,1950
32.566,22.9,1951
32.583,22.9,1952
32.600,22.9,1953
32.616,22.7,1954
32.633,22.0,1955
32.650,21.4,1956
32.666,20.5,1957
32.683,19.2,1958
32.700,17.9,1959
32.716,16.4,1960
32.733,14.4,1961
32.750,12.3,1962
32.767,10.6,1963
32.783,8.6,1964
32.800,6.2,1965
32.817,4.1,1966
32.833,2.0,1967
32.850,-0.4,1968
32.867,-2.6,1969
32.883,-4.7,1970
32.900,-6.9,1971
32.917,-8.9,1972
32.933,-10.7,1973
32.950,-12.5,1974
32.967,-14.1,1975
32.984,-15.5,1976
33.000,-16.9,1977
33.017,-17.9,1978
33.034,-18.8,1979
33.050,-19.5,1980
33.067,-20.0,1981
33.084,-20.2,1982
33.100,-20.2,1983
33.117,-19.9,1984
33.134,-19.6,1985
33.150,-18.8,1986
33.167,-18.0,1987
33.184,-16.9,1988
33.201,-15.7,1989
33.217,-14.2,1990
33.234,-12.7,1991
33.251,-10.9,1992
33.267,-9.1,1993
33.284,-7.1,1994
33.301,-5.1,1995
33.317,-2.8,1996
33.334,-0.7,1997
33.351,1.5,1998
33.367,3.4,1999
33.384,5.7,2000
33.401,7.9,2001
33.418,9.7,2002
33.434,11.8,2003
33.451,13.0,2004
33.468,15.3,2005
33.484,16.2,2006
33.501,17.6,2007
33.518,18.9,2008
33.534,19.9,2009
33.551,21.3,2010
33.568,21.6,2011
33.584,22.2,2012
33.601,22.0,2013
33.618,22.2,2014
33.635,21.6,2015
33.651,21.3,2016
33.668,20.3,2017
33.685,19.4,2018
33.701,18.2,2019
33.718,16.7,2020
33.735,15.2,2021
33.751,13.4,2022
33.768,11.6,2023
33.785,9.5,2024
33.801,7.2,2025
33.818,5.4,2026
33.835,3.2,2027
33.852,1.0,2028
33.868,-1.1,2029
33.885,-3.2,2030
33.902,-5.3,2031
33.918,-7.3,2032
33.935,-9.1,2033
33.952,-10.9,2034
33.968,-12.5,2035
33.985,-14.0,2036
34.002,-15.4,2037
34.018,-16.6,2038
34.035,-17.6,2039
34.052,-18.3,2040
34.069,-18.9,2041
34.085,-19.2,2042
34.102,-19.3,2043
34.119,-19.3,2044
34.135,-18.9,2045
34.152,-18.5,2046
34.169,-17.7,2047
34.185,-16.8,2048
34.202,-15.8,2049
34.219,-14.6,2050
34.235,-13.1,2051
34.252,-11.5,2052
34.269,-9.7,2053
34.285,-7.9,2054
34.302,-6.1,2055
34.319,-4.1,2056
34.336,-2.1,2057
34.352,0.0,2058
34.369,2.2,2059
34.386,4.3,2060
34.402,6.3,2061
34.419,8.3,2062
34.436,10.3,2063
34.452,12.1,2064
34.469,13.6,2065
34.486,15.5,2066
34.502,16.9,2067
34.519,18.0,2068
34.536,19.4,2069
34.553,20.3,2070
34.569,20.9,2071
34.586,21.3,2072
34.603,21.3,2073
34.619,21.3,2074
34.636,21.3,2075
34.653,20.9,2076
34.669,20.0,2077
34.686,19.3,2078
34.703,18.3,2079
34.719,16.8,2080
34.736,15.6,2081
34.753,13.7,2082
34.770,12.0,2083
34.786,10.3,2084
34.803,8.3,2085
34.820,6.5,2086
34.836,4.2,2087
34.853,2.0,2088
34.870,0.1,2089
34.886,-2.0,2090
34.903,-3.9,2091
34.920,-5.8,2092
34.936,-7.7,2093
34.953,-9.5,2094
34.970,-11.1,2095
34.987,-12.6,2096
35.003,-13.9,2097
35.020,-15.1,2098
35.037,-16.2,2099
35.053,-17.0,2100
35.070,-17.7,2101
35.087,-18.2,2102
35.103,-18.4,2103
35.120,-18.5,2104
35.137,-18.2,2105
35.153,-17.9,2106
35.170,-17.3,2107
35.187,-16.5,2108
35.204,-15.6,2109
35.220,-14.5,2110
35.237,-13.2,2111
35.254,-11.8,2112
35.270,-10.2,2113
35.287,-8.5,2114
35.304,-6.7,2115
35.320,-4.8,2116
35.337,-2.9,2117
35.354,-0.9,2118
35.370,1.1,2119
35.387,2.9,2120
35.404,4.9,2121
35.421,7.1,2122
35.437,9.0,2123
35.454,10.7,2124
35.471,12.4,2125
35.487,14.2,2126
35.504,15.8,2127
35.521,16.9,2128
35.537,18.0,2129
35.554,19.0,2130
35.571,19.6,2131
35.587,20.4,2132
35.604,20.6,2133
35.621,20.5,2134
35.638,20.5,2135
35.654,20.1,2136
35.671,19.6,2137
35.688,19.0,2138
35.704,18.1,2139
35.721,16.8,2140
35.738,15.7,2141
35.754,14.1,2142
35.771,12.4,2143
35.788,11.0,2144
35.804,8.8,2145
35.821,7.0,2146
35.838,5.3,2147
35.855,3.2,2148
35.871,1.2,2149
35.888,-0.7,2150
35.905,-2.7,2151
35.921,-4.7,2152
35.938,-6.4,2153
35.955,-8.2,2154
35.971,-9.8,2155
35.988,-11.4,2156
36.005,-12.7,2157
36.021,-14.0,2158
36.038,-15.0,2159
36.055,-16.0,2160
36.072,-16.6,2161
36.088,-17.2,2162
36.105,-17.5,2163
36.122,-17.7,2164
36.138,-17.5,2165
36.155,-17.3,2166
36.172,-16.8,2167
36.188,-16.3,2168
36.205,-15.4,2169
36.222,-14.5,2170
36.238,-13.2,2171
36.255,-12.0,2172
36.272,-10.5,2173
36.289,-9.0,2174
36.305,-7.1,2175
36.322,-5.6,2176
36.339,-3.7,2177
36.355,-1.9,2178
36.372,0.2,2179
36.389,2.1,2180
36.405,4.2,2181
36.422,5.6,2182
36.439,7.6,2183
36.455,9.3,2184
36.472,10.8,2185
36.489,12.7,2186
36.506,13.8,2187
36.522,14.9,2188
36.539,16.2,2189
36.556,16.7,2190
36.572,17.4,2191
36.589,18.2,2192
36.606,18.6,2193
36.622,18.8,2194
36.639,18.8,2195
36.656,18.4,2196
36.672,18.0,2197
36.689,17.4,2198
36.706,16.8,2199
36.723,15.6,2200
36.739,14.5,2201
36.756,13.6,2202
36.773,12.2,2203
36.789,10.4,2204
36.806,8.7,2205
36.823,7.1,2206
36.839,5.4,2207
36.856,3.6,2208
36.873,1.6,2209
36.889,-0.3,2210
36.906,-2.1,2211
36.923,-3.9,2212
36.940,-5.6,2213
36.956,-7.3,2214
36.973,-8.9,2215
36.990,-10.3,2216
37.006,-11.7,2217
37.023,-12.9,2218
37.040,-13.9,2219
37.056,-14.9,2220
37.073,-15.6,2221
37.090,-16.3,2222
37.106,-16.7,2223
37.123,-16.8,2224
37.140,-16.9,2225
37.157,-16.7,2226
37.173,-16.3,2227
37.190,-15.8,2228
37.207,-15.1,2229
37.223,-14.2,2230
37.240,-13.2,2231
37.257,-12.0,2232
37.273,-10.7,2233
37.290,-9.2,2234
37.307,-7.7,2235
37.323,-6.1,2236
37.340,-4.3,2237
37.357,-2.4,2238
37.374,-0.7,2239
37.390,1.0,2240
37.407,3.1,2241
37.424,5.0,2242
37.440,6.7,2243
37.457,8.2,2244
37.474,9.6,2245
37.490,11.2,2246
37.507,12.3,2247
37.524,13.5,2248
37.540,14.9,2249
37.557,15.5,2250
37.574,16.3,2251
37.591,16.9,2252
37.607,17.3,2253
37.624,17.8,2254
37.641,17.9,2255
37.657,17.8,2256
37.674,17.4,2257
37.691,16.7,2258
37.707,16.1,2259
37.724,15.4,2260
37.741,14.3,2261
37.757,13.4,2262
37.774,12.1,2263
37.791,10.5,2264
37.808,9.3,2265
37.824,7.3,2266
37.841,5.7,2267
37.858,3.9,2268
37.874,2.4,2269
37.891,0.5,2270
37.908,-1.2,2271
37.924,-3.1,2272
37.941,-4.7,2273
37.958,-6.4,2274
37.974,-7.9,2275
37.991,-9.3,2276
38.008,-10.7,2277
38.025,-11.8,2278
38.041,-13.0,2279
38.058,-13.8,2280
38.075,-14.6,2281
38.091,-15.3,2282
38.108,-15.7,2283
38.125,-15.9,2284
38.141,-16.1,2285
38.158,-15.9,2286
38.175,-15.6,2287
38.191,-15.1,2288
38.208,-14.5,2289
38.225,-13.8,2290
38.242,-12.8,2291
38.258,-11.8,2292
38.275,-10.6,2293
38.292,-9.2,2294
38.308,-7.8,2295
38.325,-6.2,2296
38.342,-4.6,2297
38.358,-2.9,2298
38.375,-1.2,2299
38.392,0.5,2300
38.408,2.1,2301
38.425,4.1,2302
38.442,5.8,2303
38.459,7.5,2304
38.475,9.2,2305
38.492,10.1,2306
38.509,11.5,2307
38.525,13.0,2308
38.542,13.7,2309
38.559,15.1,2310
38.575,15.5,2311
38.592,16.3,2312
38.609,16.8,2313
38.625,16.9,2314
38.642,17.2,2315
38.659,17.4,2316
38.676,17.2,2317
38.692,16.7,2318
38.709,16.1,2319
38.726,15.4,2320
38.742,14.2,2321
38.759,13.5,2322
38.776,11.9,2323
38.792,10.5,2324
38.809,9.3,2325
38.826,7.5,2326
38.842,6.0,2327
38.859,4.8,2328
38.876,3.0,2329
38.893,1.1,2330
38.909,-0.6,2331
38.926,-2.3,2332
38.943,-3.9,2333
38.959,-5.5,2334
38.976,-7.0,2335
38.993,-8.5,2336
39.009,-9.8,2337
39.026,-10.9,2338
39.043,-12.0,2339
39.059,-12.9,2340
39.076,-13.7,2341
39.093,-14.3,2342
39.110,-14.8,2343
39.126,-15.1,2344
39.143,-15.3,2345
39.160,-15.2,2346
39.176,-15.0,2347
39.193,-14.6,2348
39.210,-14.0,2349
39.226,-13.3,2350
39.243,-12.5,2351
39.260,-11.5,2352
39.276,-10.4,2353
39.293,-9.1,2354
39.310,-7.8,2355
39.326,-6.3,2356
39.343,-4.8,2357
39.360,-3.3,2358
39.377,-1.6,2359
39.393,0.0,2360
39.410,1.7,2361
39.427,3.6,2362
39.443,4.8,2363
39.460,6.5,2364
39.477,7.8,2365
39.493,9.2,2366
39.510,10.8,2367
39.527,11.9,2368
39.543,12.7,2369
39.560,13.7,2370
39.577,14.6,2371
39.594,15.1,2372
39.610,15.7,2373
39.627,15.9,2374
39.644,16.3,2375
39.660,15.9,2376
39.677,15.8,2377
39.694,15.6,2378
39.710,15.1,2379
39.727,14.4,2380
39.744,13.6,2381
39.760,12.4,2382
39.777,11.5,2383
39.794,10.6,2384
39.811,9.3,2385
39.827,7.6,2386
39.844,6.2,2387
39.861,4.6,2388
39.877,2.9,2389
39.894,1.6,2390
39.911,-0.1,2391
39.927,-1.8,2392
39.944,-3.4,2393
39.961,-4.9,2394
39.977,-6.3,2395
39.994,-7.6,2396
40.011,-8.8,2397
40.028,-10.0,2398
40.044,-11.1,2399
40.061,-12.0,2400
40.078,-12.8,2401
40.094,-13.4,2402
40.111,-13.9,2403
40.128,-14.3,2404
40.144,-14.4,2405
40.161,-14.4,2406
40.178,-14.2,2407
40.194,-13.9,2408
40.211,-13.5,2409
40.228,-12.9,2410
40.245,-12.1,2411
40.261,-11.2,2412
40.278,-10.1,2413
40.295,-9.0,2414
40.311,-7.7,2415
40.328,-6.4,2416
40.345,-5.0,2417
40.361,-3.4,2418
40.378,-2.0,2419
40.395,-0.4,2420
40.411,1.2,2421
40.428,2.6,2422
40.445,4.3,2423
40.462,5.8,2424
40.478,7.4,2425
40.495,8.5,2426
40.512,9.9,2427
40.528,11.2,2428
40.545,12.2,2429
40.562,13.0,2430
40.578,13.7,2431
40.595,14.3,2432
40.612,15.1,2433
40.628,15.0,2434
40.645,15.1,2435
40.662,15.1,2436
40.679,15.1,2437
40.695,15.0,2438
40.712,14.4,2439
40.729,13.7,2440
40.745,13.2,2441
40.762,12.2,2442
40.779,11.6,2443
40.795,10.3,2444
40.812,8.8,2445
40.829,7.5,2446
40.845,6.2,2447
40.862,4.5,2448
40.879,3.1,2449
40.896,1.6,2450
40.912,0.3,2451
40.929,-1.4,2452
40.946,-2.9,2453
40.962,-4.3,2454
40.979,-5.6,2455
40.996,-6.9,2456
41.012,-8.1,2457
41.029,-9.3,2458
41.046,-10.3,2459
41.062,-11.3,2460
41.079,-12.0,2461
41.096,-12.7,2462
41.113,-13.1,2463
41.129,-13.5,2464
41.146,-13.7,2465
41.163,-13.7,2466
41.179,-13.6,2467
41.196,-13.4,2468
41.213,-12.9,2469
41.229,-12.4,2470
41.246,-11.6,2471
41.263,-10.8,2472
41.279,-9.9,2473
41.296,-8.8,2474
41.313,-7.6,2475
41.330,-6.3,2476
41.346,-5.0,2477
41.363,-3.5,2478
41.380,-2.1,2479
41.396,-0.6,2480
41.413,0.9,2481
41.430,2.3,2482
41.446,3.7,2483
41.463,5.0,2484
41.480,6.7,2485
41.496,7.8,2486
41.513,9.1,2487
41.530,10.0,2488
41.547,11.0,2489
41.563,11.8,2490
41.580,12.6,2491
41.597,13.7,2492
41.613,13.9,2493
41.630,14.4,2494
41.647,14.5,2495
41.663,14.4,2496
41.680,14.5,2497
41.697,14.4,2498
41.713,13.9,2499
41.730,13.1,2500
41.747,12.5,2501
41.764,11.5,2502
41.780,10.8,2503
41.797,9.6,2504
41.814,8.6,2505
41.830,7.3,2506
41.847,6.0,2507
41.864,4.6,2508
41.880,3.1,2509
41.897,1.8,2510
41.914,0.5,2511
41.930,-1.1,2512
41.947,-2.5,2513
41.964,-3.9,2514
41.981,-5.2,2515
41.997,-6.4,2516
42.014,-7.6,2517
42.031,-8.7,2518
42.047,-9.6,2519
42.064,-10.6,2520
42.081,-11.3,2521
42.097,-12.0,2522
42.114,-12.4,2523
42.131,-12.8,2524
42.147,-13.0,2525
42.164,-13.0,2526
42.181,-12.9,2527
42.198,-12.7,2528
42.214,-12.3,2529
42.231,-11.9,2530
42.248,-11.2,2531
42.264,-10.4,2532
42.281,-9.5,2533
42.298,-8.4,2534
42.314,-7.4,2535
42.331,-6.2,2536
42.348,-4.9,2537
42.364,-3.6,2538
42.381,-2.2,2539
42.398,-0.6,2540
42.415,0.6,2541
42.431,1.9,2542
42.448,3.5,2543
42.465,4.6,2544
42.481,6.1,2545
42.498,7.3,2546
42.515,8.6,2547
42.531,9.4,2548
42.548,10.5,2549
42.565,11.3,2550
42.581,12.2,2551
42.598,12.8,2552
42.615,13.0,2553
42.632,13.4,2554
42.648,13.6,2555
42.665,14.1,2556
42.682,13.7,2557
42.698,13.4,2558
42.715,12.9,2559
42.732,12.8,2560
42.748,12.1,2561
42.765,11.4,2562
42.782,10.6,2563
42.798,9.3,2564
42.815,8.4,2565
42.832,7.1,2566
42.849,5.8,2567
42.865,4.9,2568
42.882,3.4,2569
42.899,2.2,2570
42.915,0.5,2571
42.932,-0.8,2572
42.949,-2.2,2573
42.965,-3.5,2574
42.982,-4.7,2575
42.999,-6.0,2576
43.015,-7.0,2577
43.032,-8.1,2578
43.049,-9.1,2579
43.066,-10.0,2580
43.082,-10.6,2581
43.099,-11.3,2582
43.116,-11.7,2583
43.132,-12.1,2584
43.149,-12.2,2585
43.166,-12.3,2586
43.182,-12.2,2587
43.199,-12.0,2588
43.216,-11.6,2589
43.232,-11.2,2590
43.249,-10.6,2591
43.266,-9.8,2592
43.283,-8.9,2593
43.299,-8.0,2594
43.316,-7.0,2595
43.333,-5.9,2596
43.349,-4.7,2597
43.366,-3.4,2598
43.383,-2.2,2599
43.399,-0.9,2600
43.416,0.5,2601
43.433,1.7,2602
43.449,3.3,2603
43.466,4.3,2604
43.483,5.7,2605
43.500,7.0,2606
43.516,8.2,2607
43.533,9.3,2608
43.550,9.7,2609
43.566,11.0,2610
43.583,11.3,2611
43.600,12.2,2612
43.616,12.8,2613
43.633,12.9,2614
43.650,12.9,2615
43.666,12.9,2616
43.683,12.9,2617
43.700,12.8,2618
43.717,12.8,2619
43.733,12.0,2620
43.750,11.3,2621
43.767,11.1,2622
43.783,10.2,2623
43.800,9.3,2624
43.817,8.2,2625
43.833,7.0,2626
43.850,5.7,2627
43.867,4.4,2628
43.883,3.5,2629
43.900,2.3,2630
43.917,1.0,2631
43.934,-0.3,2632
43.950,-1.7,2633
43.967,-2.9,2634
43.984,-4.2,2635
44.000,-5.4,2636
44.017,-6.4,2637
44.034,-7.4,2638
44.050,-8.4,2639
44.067,-9.2,2640
44.084,-9.9,2641
44.100,-10.5,2642
44.117,-11.0,2643
44.134,-11.3,2644
44.151,-11.5,2645
44.167,-11.6,2646
44.184,-11.5,2647
44.201,-11.3,2648
44.217,-11.0,2649
44.234,-10.5,2650
44.251,-9.9,2651
44.267,-9.3,2652
44.284,-8.5,2653
44.301,-7.6,2654
44.317,-6.6,2655
44.334,-5.6,2656
44.351,-4.5,2657
44.368,-3.3,2658
44.384,-2.1,2659
44.401,-0.7,2660
44.418,0.5,2661
44.434,1.8,2662
44.451,2.9,2663
44.468,4.4,2664
44.484,5.5,2665
44.501,6.4,2666
44.518,7.5,2667
44.534,8.8,2668
44.551,9.6,2669
44.568,10.5,2670
44.584,11.2,2671
44.601,11.4,2672
44.618,12.0,2673
44.635,12.2,2674
44.651,12.1,2675
44.668,12.3,2676
44.685,12.1,2677
44.701,12.2,2678
44.718,12.0,2679
44.735,11.4,2680
44.751,11.1,2681
44.768,10.4,2682
44.785,9.4,2683
44.801,8.7,2684
44.818,7.4,2685
44.835,6.4,2686
44.852,5.7,2687
44.868,4.4,2688
44.885,3.3,2689
44.902,1.9,2690
44.918,0.6,2691
44.935,-0.5,2692
44.952,-1.8,2693
44.968,-3.0,2694
44.985,-4.1,2695
45.002,-5.2,2696
45.018,-6.2,2697
45.035,-7.1,2698
45.052,-7.9,2699
45.069,-8.7,2700
45.085,-9.4,2701
45.102,-9.9,2702
45.119,-10.4,2703
45.135,-10.7,2704
45.152,-10.9,2705
45.169,-10.9,2706
45.185,-10.9,2707
45.202,-10.7,2708
45.219,-10.5,2709
45.235,-10.0,2710
45.252,-9.5,2711
45.269,-8.9,2712
45.286,-8.1,2713
45.302,-7.3,2714
45.319,-6.3,2715
45.336,-5.3,2716
45.352,-4.2,2717
45.369,-3.1,2718
45.386,-2.0,2719
45.402,-0.8,2720
45.419,0.4,2721
45.436,1.5,2722
45.452,2.7,2723
45.469,3.9,2724
45.486,4.9,2725
45.503,5.9,2726
45.519,7.2,2727
45.536,8.1,2728
45.553,8.7,2729
45.569,9.5,2730
45.586,10.4,2731
45.603,11.0,2732
45.619,11.4,2733
45.636,11.6,2734
45.653,11.5,2735
45.669,11.9,2736
45.686,11.9,2737
45.703,11.4,2738
45.720,11.3,2739
45.736,11.1,2740
45.753,10.4,2741
45.770,10.0,2742
45.786,9.3,2743
45.803,8.2,2744
45.820,7.4,2745
45.836,6.6,2746
45.853,5.4,2747
45.870,4.2,2748
45.886,3.3,2749
45.903,2.1,2750
45.920,1.1,2751
45.937,-0.1,2752
45.953,-1.4,2753
45.970,-2.5,2754
45.987,-3.6,2755
46.003,-4.7,2756
46.020,-5.6,2757
46.037,-6.6,2758
46.053,-7.3,2759
46.070,-8.1,2760
46.087,-8.6,2761
46.103,-9.2,2762
46.120,-9.6,2763
46.137,-10.0,2764
46.154,-10.2,2765
46.170,-10.2,2766
46.187,-10.1,2767
46.204,-10.0,2768
46.220,-9.7,2769
46.237,-9.3,2770
46.254,-8.8,2771
46.270,-8.2,2772
46.287,-7.5,2773
46.304,-6.7,2774
46.320,-5.8,2775
46.337,-4.8,2776
46.354,-3.8,2777
46.371,-2.6,2778
46.387,-1.7,2779
46.404,-0.6,2780
46.421,0.5,2781
46.437,1.6,2782
46.454,3.0,2783
46.471,3.9,2784
46.487,5.2,2785
46.504,5.9,2786
46.521,7.1,2787
46.537,8.0,2788
46.554,8.6,2789
46.571,9.4,2790
46.588,10.1,2791
46.604,10.4,2792
46.621,10.6,2793
46.638,11.3,2794
46.654,11.3,2795
46.671,11.3,2796
46.688,11.3,2797
46.704,11.2,2798
46.721,10.5,2799
46.738,10.4,2800
46.754,9.6,2801
46.771,9.3,2802
46.788,8.4,2803
46.805,8.0,2804
46.821,7.0,2805
46.838,5.7,2806
46.855,4.7,2807
46.871,3.8,2808
46.888,3.0,2809
46.905,1.6,2810
46.921,0.6,2811
46.938,-0.6,2812
46.955,-1.6,2813
46.971,-2.7,2814
46.988,-3.7,2815
47.005,-4.6,2816
47.022,-5.5,2817
47.038,-6.3,2818
47.055,-7.1,2819
47.072,-7.7,2820
47.088,-8.3,2821
47.105,-8.8,2822
47.122,-9.1,2823
47.138,-9.4,2824
47.155,-9.5,2825
47.172,-9.6,2826
47.188,-9.5,2827
47.205,-9.4,2828
47.222,-9.1,2829
47.239,-8.7,2830
47.255,-8.2,2831
47.272,-7.7,2832
47.289,-7.0,2833
47.305,-6.3,2834
47.322,-5.4,2835
47.339,-4.6,2836
47.355,-3.5,2837
47.372,-2.5,2838
47.389,-1.5,2839
47.405,-0.6,2840
47.422,0.6,2841
47.439,1.5,2842
47.456,2.6,2843
47.472,3.7,2844
47.489,4.7,2845
47.506,5.5,2846
47.522,6.4,2847
47.539,7.2,2848
47.556,7.9,2849
47.572,8.6,2850
47.589,9.0,2851
47.606,9.6,2852
47.622,9.9,2853
47.639,10.4,2854
47.656,10.2,2855
47.673,10.5,2856
47.689,10.1,2857
47.706,9.9,2858
47.723,9.9,2859
47.739,9.5,2860
47.756,8.8,2861
47.773,8.5,2862
47.789,7.7,2863
47.806,7.1,2864
47.823,6.2,2865
47.839,5.5,2866
47.856,4.5,2867
47.873,3.6,2868
47.890,2.4,2869
47.906,1.3,2870
47.923,0.6,2871
47.940,-0.7,2872
47.956,-1.6,2873
47.973,-2.6,2874
47.990,-3.5,2875
48.006,-4.4,2876
48.023,-5.2,2877
48.040,-6.0,2878
48.056,-6.6,2879
48.073,-7.3,2880
48.090,-7.7,2881
48.107,-8.2,2882
48.123,-8.5,2883
48.140,-8.8,2884
48.157,-8.9,2885
48.173,-8.9,2886
48.190,-8.8,2887
48.207,-8.7,2888
48.223,-8.4,2889
48.240,-8.0,2890
48.257,-7.5,2891
48.273,-7.0,2892
48.290,-6.4,2893
48.307,-5.7,2894
48.324,-4.9,2895
48.340,-4.1,2896
48.357,-3.2,2897
48.374,-2.2,2898
48.390,-1.2,2899
48.407,-0.3,2900
48.424,0.8,2901
48.440,1.7,2902
48.457,2.6,2903
48.474,3.8,2904
48.490,4.5,2905
48.507,5.7,2906
48.524,6.2,2907
48.541,7.3,2908
48.557,7.6,2909
48.574,8.3,2910
48.591,8.6,2911
48.607,9.3,2912
48.624,9.5,2913
48.641,9.6,2914
48.657,9.6,2915
48.674,9.6,2916
48.691,9.5,2917
48.707,9.4,2918
48.724,9.2,2919
48.741,9.0,2920
48.758,8.2,2921
48.774,8.1,2922
48.791,7.1,2923
48.808,6.7,2924
48.824,5.5,2925
48.841,5.0,2926
48.858,4.3,2927
48.874,3.1,2928
48.891,2.2,2929
48.908,1.4,2930
48.924,0.5,2931
48.941,-0.4,2932
48.958,-1.4,2933
48.975,-2.3,2934
48.991,-3.3,2935
49.008,-4.1,2936
49.025,-4.8,2937
49.041,-5.6,2938
49.058,-6.2,2939
49.075,-6.8,2940
49.091,-7.3,2941
49.108,-7.6,2942
49.125,-7.9,2943
49.141,-8.1,2944
49.158,-8.2,2945
49.175,-8.2,2946
49.192,-8.2,2947
49.208,-8.0,2948
49.225,-7.7,2949
49.242,-7.3,2950
49.258,-6.9,2951
49.275,-6.3,2952
49.292,-5.7,2953
49.308,-5.1,2954
49.325,-4.3,2955
49.342,-3.5,2956
49.358,-2.6,2957
49.375,-1.7,2958
49.392,-0.8,2959
49.409,0.2,2960
49.425,1.2,2961
49.442,1.9,2962
49.459,2.8,2963
49.475,4.0,2964
49.492,4.6,2965
49.509,5.2,2966
49.525,6.2,2967
49.542,6.7,2968
49.559,7.6,2969
49.575,7.8,2970
49.592,8.2,2971
49.609,8.7,2972
49.626,9.0,2973
49.642,8.9,2974
49.659,9.0,2975
49.676,9.0,2976
49.692,9.0,2977
49.709,8.9,2978
49.726,8.3,2979
49.742,8.1,2980
49.759,7.9,2981
49.776,7.5,2982
49.792,6.7,2983
49.809,6.3,2984
49.826,5.3,2985
49.842,4.8,2986
49.859,3.6,2987
49.876,2.9,2988
49.893,2.2,2989
49.909,1.3,2990
49.926,0.4,2991
49.943,-0.4,2992
49.959,-1.4,2993
49.976,-2.3,2994
49.993,-3.1,2995
50.009,-3.9,2996
50.026,-4.6,2997
50.043,-5.2,2998
50.059,-5.8,2999
50.076,-6.3,3000
50.093,-6.7,3001
50.110,-7.0,3002
50.126,-7.3,3003
50.143,-7.5,3004
50.160,-7.5,3005
50.176,-7.5,3006
50.193,-7.5,3007
50.210,-7.2,3008
50.226,-7.0,3009
50.243,-6.6,3010
50.260,-6.2,3011
50.276,-5.6,3012
50.293,-5.1,3013
50.310,-4.4,3014
50.327,-3.7,3015
50.343,-2.9,3016
50.360,-2.1,3017
50.377,-1.2,3018
50.393,-0.4,3019
50.410,0.3,3020
50.427,1.4,3021
50.443,2.0,3022
50.460,2.9,3023
50.477,3.6,3024
50.493,4.7,3025
50.510,5.4,3026
50.527,6.2,3027
50.544,6.8,3028
50.560,6.9,3029
50.577,7.4,3030
50.594,8.0,3031
50.610,8.3,3032
50.627,8.7,3033
50.644,9.0,3034
50.660,8.9,3035
50.677,8.5,3036
50.694,8.8,3037
50.710,8.3,3038
50.727,8.0,3039
50.744,7.9,3040
50.761,7.4,3041
50.777,6.8,3042
50.794,6.3,3043
50.811,5.5,3044
50.827,5.0,3045
50.844,4.0,3046
50.861,3.2,3047
50.877,2.7,3048
50.894,1.8,3049
50.911,0.8,3050
50.927,0.2,3051
50.944,-0.7,3052
50.961,-1.4,3053
50.978,-2.3,3054
50.994,-3.1,3055
51.011,-3.8,3056
51.028,-4.4,3057
51.044,-5.0,3058
51.061,-5.6,3059
51.078,-6.0,3060
51.094,-6.3,3061
51.111,-6.7,3062
51.128,-6.8,3063
51.144,-7.0,3064
51.161,-7.0,3065
51.178,-7.0,3066
51.195,-6.8,3067
51.211,-6.6,3068
51.228,-6.3,3069
51.245,-5.9,3070
51.261,-5.5,3071
51.278,-5.0,3072
51.295,-4.5,3073
51.311,-3.8,3074
51.328,-3.1,3075
51.345,-2.5,3076
51.361,-1.7,3077
51.378,-0.9,3078
51.395,-0.1,3079
51.412,0.7,3080
51.428,1.4,3081
51.445,2.2,3082
51.462,2.9,3083
51.478,3.8,3084
51.495,4.5,3085
51.512,4.9,3086
51.528,5.5,3087
51.545,6.2,3088
51.562,6.5,3089
51.578,7.4,3090
51.595,7.6,3091
51.612,7.7,3092
51.629,7.9,3093
51.645,7.9,3094
51.662,7.9,3095
51.679,7.8,3096
51.695,7.8,3097
51.712,7.5,3098
51.729,7.4,3099
51.745,7.1,3100
51.762,6.9,3101
51.779,6.0,3102
51.795,5.7,3103
51.812,4.6,3104
51.829,4.3,3105
51.846,3.6,3106
51.862,2.6,3107
51.879,2.0,3108
51.896,1.2,3109
51.912,0.4,3110
51.929,-0.4,3111
51.946,-1.1,3112
51.962,-1.9,3113
51.979,-2.7,3114
51.996,-3.3,3115
52.012,-3.8,3116
52.029,-4.5,3117
52.046,-5.0,3118
52.063,-5.4,3119
52.079,-5.9,3120
52.096,-6.1,3121
52.113,-6.4,3122
52.129,-6.6,3123
52.146,-6.6,3124
52.163,-6.6,3125
52.179,-6.5,3126
52.196,-6.4,3127
52.213,-6.2,3128
52.229,-5.9,3129
52.246,-5.6,3130
52.263,-5.1,3131
52.280,-4.6,3132
52.296,-4.0,3133
52.313,-3.4,3134
52.330,-2.8,3135
52.346,-2.1,3136
52.363,-1.3,3137
52.380,-0.6,3138
52.396,0.1,3139
52.413,0.7,3140
52.430,1.6,3141
52.446,2.5,3142
52.463,3.2,3143
52.480,3.7,3144
52.497,4.3,3145
52.513,5.2,3146
52.530,5.7,3147
52.547,5.9,3148
52.563,6.3,3149
52.580,6.9,3150
52.597,7.1,3151
52.613,7.2,3152
52.630,7.3,3153
52.647,7.4,3154
52.663,7.4,3155
52.680,7.3,3156
52.697,7.5,3157
52.714,7.2,3158
52.730,7.1,3159
52.747,6.3,3160
52.764,6.1,3161
52.780,5.6,3162
52.797,4.8,3163
52.814,4.3,3164
52.830,4.0,3165
52.847,3.3,3166
52.864,2.3,3167
52.880,1.6,3168
52.897,1.0,3169
52.914,0.3,3170
52.931,-0.3,3171
52.947,-1.2,3172
52.964,-1.8,3173
52.981,-2.6,3174
52.997,-3.1,3175
53.014,-3.7,3176
53.031,-4.1,3177
53.047,-4.7,3178
53.064,-5.1,3179
53.081,-5.3,3180
53.097,-5.6,3181
53.114,-5.8,3182
53.131,-5.9,3183
53.148,-6.0,3184
53.164,-6.0,3185
53.181,-5.9,3186
53.198,-5.7,3187
53.214,-5.5,3188
53.231,-5.1,3189
53.248,-4.8,3190
53.264,-4.3,3191
53.281,-3.9,3192
53.298,-3.4,3193
53.314,-2.8,3194
53.331,-2.2,3195
53.348,-1.5,3196
53.365,-0.8,3197
53.381,-0.1,3198
53.398,0.6,3199
53.415,1.1,3200
53.431,1.9,3201
53.448,2.7,3202
53.465,3.1,3203
53.481,3.9,3204
53.498,4.5,3205
53.515,4.8,3206
53.531,5.6,3207
53.548,5.9,3208
53.565,6.2,3209
53.582,6.6,3210
53.598,7.0,3211
53.615,7.0,3212
53.632,7.2,3213
53.648,7.1,3214
53.665,7.0,3215
53.682,7.0,3216
53.698,6.9,3217
53.715,6.5,3218
53.732,6.0,3219
53.748,5.6,3220
53.765,5.4,3221
53.782,5.0,3222
53.799,4.3,3223
53.815,3.7,3224
53.832,3.2,3225
53.849,2.7,3226
53.865,1.9,3227
53.882,1.2,3228
53.899,0.5,3229
53.915,-0.2,3230
53.932,-0.8,3231
53.949,-1.3,3232
53.965,-2.0,3233
53.982,-2.6,3234
53.999,-3.2,3235
54.016,-3.7,3236
54.032,-4.1,3237
54.049,-4.6,3238
54.066,-4.9,3239
54.082,-5.2,3240
54.099,-5.4,3241
54.116,-5.5,3242
54.132,-5.6,3243
54.149,-5.6,3244
54.166,-5.5,3245
54.182,-5.4,3246
54.199,-5.2,3247
54.216,-4.9,3248
54.233,-4.6,3249
54.249,-4.2,3250
54.266,-3.8,3251
54.283,-3.3,3252
54.299,-2.8,3253
54.316,-2.3,3254
54.333,-1.6,3255
54.349,-0.9,3256
54.366,-0.3,3257
54.383,0.4,3258
54.399,1.0,3259
54.416,1.6,3260
54.433,2.1,3261
54.450,2.7,3262
54.466,3.2,3263
54.483,3.7,3264
54.500,4.5,3265
54.516,4.9,3266
54.533,5.1,3267
54.550,5.5,3268
54.566,6.1,3269
54.583,6.3,3270
54.600,6.4,3271
54.616,6.4,3272
54.633,6.4,3273
54.650,6.4,3274
54.667,6.4,3275
54.683,6.2,3276
54.700,6.1,3277
54.717,5.9,3278
54.733,5.3,3279
54.750,5.0,3280
54.767,4.7,3281
54.783,4.2,3282
54.800,3.7,3283
54.817,3.3,3284
54.833,2.8,3285
54.850,2.3,3286
54.867,1.7,3287
54.884,1.1,3288
54.900,0.5,3289
54.917,-0.2,3290
54.934,-0.8,3291
54.950,-1.4,3292
54.967,-1.9,3293
54.984,-2.4,3294
55.000,-2.9,3295
55.017,-3.4,3296
55.034,-3.8,3297
55.050,-4.1,3298
55.067,-4.4,3299
55.084,-4.6,3300
55.100,-4.8,3301
55.117,-4.9,3302
55.134,-4.9,3303
55.151,-4.9,3304
55.167,-4.8,3305
55.184,-4.7,3306
55.201,-4.5,3307
55.217,-4.2,3308
55.234,-3.8,3309
55.251,-3.5,3310
55.267,-3.1,3311
55.284,-2.6,3312
55.301,-2.2,3313
55.317,-1.6,3314
55.334,-1.0,3315
55.351,-0.4,3316
55.368,0.2,3317
55.384,0.7,3318
55.401,1.2,3319
55.418,1.8,3320
55.434,2.6,3321
55.451,2.8,3322
55.468,3.5,3323
55.484,4.1,3324
55.501,4.3,3325
55.518,4.7,3326
55.534,5.2,3327
55.551,5.6,3328
55.568,5.5,3329
55.585,5.8,3330
55.601,6.2,3331
55.618,6.0,3332
55.635,5.9,3333
55.651,6.0,3334
55.668,5.8,3335
55.685,5.8,3336
55.701,5.6,3337
55.718,5.0,3338
55.735,5.1,3339
55.751,4.5,3340
55.768,4.0,3341
55.785,3.7,3342
55.802,3.3,3343
55.818,2.4,3344
55.835,2.0,3345
55.852,1.5,3346
55.868,0.9,3347
55.885,0.4,3348
55.902,-0.2,3349
55.918,-0.7,3350
55.935,-1.2,3351
55.952,-1.8,3352
55.968,-2.2,3353
55.985,-2.7,3354
56.002,-3.2,3355
56.019,-3.5,3356
56.035,-3.9,3357
56.052,-4.1,3358
56.069,-4.3,3359
56.085,-4.5,3360
56.102,-4.6,3361
56.119,-4.6,3362
56.135,-4.6,3363
56.152,-4.6,3364
56.169,-4.5,3365
56.185,-4.3,3366
56.202,-4.1,3367
56.219,-3.8,3368
56.236,-3.4,3369
56.252,-3.0,3370
56.269,-2.7,3371
56.286,-2.3,3372
56.302,-1.8,3373
56.319,-1.2,3374
56.336,-0.6,3375
56.352,-0.1,3376
56.369,0.5,3377
56.386,0.8,3378
56.402,1.4,3379
56.419,1.8,3380
56.436,2.3,3381
56.453,3.1,3382
56.469,3.6,3383
56.486,3.8,3384
56.503,4.2,3385
56.519,4.4,3386
56.536,4.7,3387
56.553,4.8,3388
56.569,5.0,3389
56.586,5.5,3390
56.603,5.2,3391
56.619,5.7,3392
56.636,5.6,3393
56.653,5.6,3394
56.670,5.1,3395
56.686,5.3,3396
56.703,4.8,3397
56.720,4.4,3398
56.736,4.3,3399
56.753,3.9,3400
56.770,3.7,3401
56.786,3.2,3402
56.803,2.9,3403
56.820,2.3,3404
56.836,1.5,3405
56.853,1.3,3406
56.870,0.8,3407
56.887,0.3,3408
56.903,-0.2,3409
56.920,-0.7,3410
56.937,-1.2,3411
56.953,-1.8,3412
56.970,-2.1,3413
56.987,-2.6,3414
57.003,-2.9,3415
57.020,-3.2,3416
57.037,-3.5,3417
57.053,-3.8,3418
57.070,-3.9,3419
57.087,-4.0,3420
57.104,-4.1,3421
57.120,-4.1,3422
57.137,-4.0,3423
57.154,-4.0,3424
57.170,-3.8,3425
57.187,-3.6,3426
57.204,-3.4,3427
57.220,-3.1,3428
57.237,-2.8,3429
57.254,-2.4,3430
57.270,-1.9,3431
57.287,-1.5,3432
57.304,-1.1,3433
57.321,-0.5,3434
57.337,0.0,3435
57.354,0.5,3436
57.371,1.0,3437
57.387,1.3,3438
57.404,1.8,3439
57.421,2.2,3440
57.437,2.7,3441
57.454,3.5,3442
57.471,3.8,3443
57.487,4.0,3444
57.504,4.3,3445
57.521,4.5,3446
57.538,4.6,3447
57.554,4.7,3448
57.571,4.9,3449
57.588,4.9,3450
57.604,4.9,3451
57.621,4.9,3452
57.638,4.9,3453
57.654,4.8,3454
57.671,4.6,3455
57.688,4.5,3456
57.704,4.4,3457
57.721,4.0,3458
57.738,3.4,3459
57.755,3.5,3460
57.771,3.0,3461
57.788,2.4,3462
57.805,2.0,3463
57.821,1.4,3464
57.838,1.1,3465
57.855,0.6,3466
57.871,0.2,3467
57.888,-0.4,3468
57.905,-0.8,3469
57.921,-1.3,3470
57.938,-1.7,3471
57.955,-2.1,3472
57.972,-2.4,3473
57.988,-2.8,3474
58.005,-3.1,3475
58.022,-3.4,3476
58.038,-3.4,3477
58.055,-3.7,3478
58.072,-3.7,3479
58.088,-3.8,3480
58.105,-3.8,3481
58.122,-3.8,3482
58.138,-3.7,3483
58.155,-3.6,3484
58.172,-3.3,3485
58.189,-3.2,3486
58.205,-2.9,3487
58.222,-2.6,3488
58.239,-2.2,3489
58.255,-1.8,3490
58.272,-1.4,3491
58.289,-1.1,3492
58.305,-0.5,3493
58.322,-0.2,3494
58.339,0.5,3495
58.355,0.8,3496
58.372,1.3,3497
58.389,1.7,3498
58.406,2.0,3499
58.422,2.4,3500
58.439,2.8,3501
58.456,3.1,3502
58.472,3.4,3503
58.489,3.8,3504
58.506,4.3,3505
58.522,4.3,3506
58.539,4.7,3507
58.556,4.6,3508
58.572,4.7,3509
58.589,4.6,3510
58.606,4.6,3511
58.623,4.4,3512
58.639,4.5,3513
58.656,4.3,3514
58.673,4.3,3515
58.689,4.0,3516
58.706,4.0,3517
58.723,3.4,3518
58.739,2.9,3519
58.756,2.8,3520
58.773,2.2,3521
58.789,2.1,3522
58.806,1.4,3523
58.823,0.9,3524
58.840,0.7,3525
58.856,0.1,3526
58.873,-0.2,3527
58.890,-0.8,3528
58.906,-1.1,3529
58.923,-1.5,3530
58.940,-1.9,3531
58.956,-2.2,3532
58.973,-2.5,3533
58.990,-2.9,3534
59.006,-3.0,3535
59.023,-3.2,3536
59.040,-3.3,3537
59.057,-3.5,3538
59.073,-3.5,3539
59.090,-3.5,3540
59.107,-3.5,3541
59.123,-3.5,3542
59.140,-3.3,3543
59.157,-3.2,3544
59.173,-2.9,3545
59.190,-2.7,3546
59.207,-2.4,3547
59.223,-2.1,3548
59.240,-1.8,3549
59.257,-1.4,3550
59.274,-1.0,3551
59.290,-0.7,3552
59.307,-0.1,3553
59.324,0.1,3554
59.340,0.7,3555
59.357,0.8,3556
59.374,1.3,3557
59.390,1.7,3558
59.407,2.1,3559
59.424,2.4,3560
59.440,2.8,3561
59.457,3.4,3562
59.474,3.7,3563
59.491,3.7,3564
59.507,4.1,3565
59.524,4.0,3566
59.541,4.1,3567
59.557,4.2,3568
59.574,4.2,3569
59.591,4.2,3570
59.607,4.2,3571
59.624,4.1,3572
59.641,3.9,3573
59.657,3.6,3574
59.674,3.7,3575
59.691,3.4,3576
59.708,3.1,3577
59.724,3.0,3578
59.741,2.7,3579
59.758,2.2,3580
59.774,2.0,3581
59.791,1.5,3582
59.808,1.0,3583
59.824,0.5,3584
59.841,0.1,3585
59.858,-0.2,3586
59.874,-0.6,3587
59.891,-1.0,3588
59.908,-1.3,3589
59.925,-1.8,3590
59.941,-2.0,3591
59.958,-2.3,3592
59.975,-2.5,3593
59.991,-2.7,3594
60.008,-3.0,3595
60.025,-3.1,3596
60.041,-3.1,3597
60.058,-3.2,3598
60.075,-3.2,3599
60.091,-3.2,3600
60.108,-3.2,3601
60.125,-3.0,3602
60.142,-2.9,3603
60.158,-2.6,3604
60.175,-2.5,3605
60.192,-2.2,3606
60.208,-1.9,3607
60.225,-1.5,3608
60.242,-1.2,3609
60.258,-0.7,3610
60.275,-0.5,3611
60.292,-0.1,3612
60.308,0.2,3613
60.325,0.7,3614
60.342,1.0,3615
60.358,1.3,3616
60.375,1.7,3617
60.392,2.1,3618
60.409,2.3,3619
60.425,3.0,3620
60.442,3.2,3621
60.459,3.5,3622
60.475,3.4,3623
60.492,3.8,3624
60.509,3.9,3625
60.525,3.9,3626
60.542,3.8,3627
60.559,3.9,3628
60.575,3.8,3629
60.592,3.9,3630
60.609,3.7,3631
60.626,3.9,3632
60.642,3.5,3633
60.659,3.5,3634
60.676,3.1,3635
60.692,3.0,3636
60.709,2.7,3637
60.726,2.3,3638
60.742,1.8,3639
60.759,1.5,3640
60.776,1.1,3641
60.792,0.8,3642
60.809,0.3,3643
60.826,0.0,3644
60.843,-0.3,3645
60.859,-0.7,3646
60.876,-0.9,3647
60.893,-1.2,3648
60.909,-1.6,3649
60.926,-1.9,3650
60.943,-2.1,3651
60.959,-2.3,3652
60.976,-2.5,3653
60.993,-2.7,3654
61.009,-2.8,3655
61.026,-2.8,3656
61.043,-2.9,3657
61.060,-2.9,3658
61.076,-2.9,3659
61.093,-2.7,3660
61.110,-2.6,3661
61.126,-2.4,3662
61.143,-2.3,3663
61.160,-2.0,3664
61.176,-1.8,3665
61.193,-1.5,3666
61.210,-1.2,3667
61.226,-0.9,3668
61.243,-0.6,3669
61.260,-0.3,3670
61.277,0.1,3671
61.293,0.5,3672
61.310,0.8,3673
61.327,1.1,3674
61.343,1.4,3675
61.360,1.7,3676
61.377,2.0,3677
61.393,2.1,3678
61.410,2.5,3679
61.427,2.6,3680
61.443,2.9,3681
61.460,3.1,3682
61.477,3.1,3683
61.494,3.3,3684
61.510,3.3,3685
61.527,3.4,3686
61.544,3.3,3687
61.560,3.3,3688
61.577,3.3,3689
61.594,3.2,3690
61.610,3.1,3691
61.627,3.1,3692
61.644,2.8,3693
61.660,2.7,3694
61.677,2.5,3695
61.694,2.2,3696
61.711,1.9,3697
61.727,1.7,3698
61.744,1.3,3699
61.761,1.1,3700
61.777,0.6,3701
61.794,0.5,3702
61.811,0.0,3703
61.827,-0.2,3704
61.844,-0.5,3705
61.861,-0.8,3706
61.877,-1.1,3707
61.894,-1.2,3708
61.911,-1.7,3709
61.928,-1.7,3710
61.944,-2.0,3711
61.961,-2.1,3712
61.978,-2.3,3713
61.994,-2.3,3714
62.011,-2.4,3715
62.028,-2.4,3716
62.044,-2.5,3717
62.061,-2.4,3718
62.078,-2.4,3719
62.094,-2.1,3720
62.111,-2.1,3721
62.128,-1.8,3722
62.145,-1.6,3723
62.161,-1.3,3724
62.178,-1.2,3725
62.195,-0.8,3726
62.211,-0.7,3727
62.228,-0.2,3728
62.245,-0.1,3729
62.261,0.4,3730
62.278,0.5,3731
62.295,0.9,3732
62.311,1.1,3733
62.328,1.5,3734
62.345,1.6,3735
62.362,2.1,3736
62.378,2.1,3737
62.395,2.4,3738
62.412,2.5,3739
62.428,2.8,3740
62.445,2.8,3741
62.462,2.9,3742
62.478,2.9,3743
62.495,3.1,3744
62.512,3.5,3745
62.528,3.2,3746
62.545,3.4,3747
62.562,3.5,3748
62.579,3.3,3749
62.595,3.2,3750
62.612,3.1,3751
62.629,3.0,3752
62.645,2.7,3753
62.662,2.5,3754
62.679,2.3,3755
62.695,2.0,3756
62.712,1.4,3757
62.729,1.4,3758
62.745,0.9,3759
62.762,0.5,3760
62.779,0.2,3761
62.796,-0.1,3762
62.812,-0.3,3763
62.829,-0.7,3764
62.846,-0.8,3765
62.862,-1.2,3766
62.879,-1.3,3767
62.896,-1.6,3768
62.912,-1.7,3769
62.929,-1.9,3770
62.946,-2.0,3771
62.962,-2.2,3772
62.979,-2.2,3773
62.996,-2.3,3774
63.013,-2.2,3775
63.029,-2.3,3776
63.046,-2.2,3777
63.063,-2.2,3778
63.079,-1.9,3779
63.096,-1.9,3780
63.113,-1.5,3781
63.129,-1.5,3782
63.146,-1.1,3783
63.163,-1.0,3784
63.179,-0.6,3785
63.196,-0.5,3786
63.213,-0.2,3787
63.230,0.1,3788
63.246,0.5,3789
63.263,0.6,3790
63.280,1.0,3791
63.296,1.1,3792
63.313,1.5,3793
63.330,1.5,3794
63.346,1.9,3795
63.363,1.9,3796
63.380,2.2,3797
63.396,2.3,3798
63.413,2.6,3799
63.430,2.5,3800
63.447,2.8,3801
63.463,3.0,3802
63.480,2.9,3803
63.497,3.2,3804
63.513,2.8,3805
63.530,2.7,3806
63.547,2.7,3807
63.563,2.4,3808
63.580,2.5,3809
63.597,2.1,3810
63.613,2.2,3811
63.630,1.7,3812
63.647,1.8,3813
63.664,1.4,3814
63.680,1.4,3815
63.697,1.0,3816
63.714,0.9,3817
63.730,0.4,3818
63.747,0.3,3819
63.764,-0.1,3820
63.780,-0.1,3821
63.797,-0.6,3822
63.814,-0.7,3823
63.830,-1.0,3824
63.847,-1.2,3825
63.864,-1.5,3826
63.881,-1.5,3827
63.897,-1.8,3828
63.914,-1.7,3829
63.931,-2.0,3830
63.947,-1.9,3831
63.964,-2.0,3832
63.981,-2.0,3833
63.997,-2.0,3834
64.014,-2.0,3835
64.031,-1.9,3836
64.047,-1.7,3837
64.064,-1.6,3838
64.081,-1.4,3839
64.098,-1.3,3840
64.114,-1.1,3841
64.131,-0.9,3842
64.148,-0.7,3843
64.164,-0.5,3844
64.181,-0.1,3845
64.198,-0.0,3846
64.214,0.3,3847
64.231,0.5,3848
64.248,0.8,3849
64.264,1.1,3850
64.281,1.3,3851
64.298,1.4,3852
64.315,1.7,3853
64.331,1.9,3854
64.348,2.1,3855
64.365,2.2,3856
64.381,2.3,3857
64.398,2.4,3858
64.415,2.5,3859
64.431,2.5,3860
64.448,2.6,3861
64.465,2.5,3862
64.481,2.6,3863
64.498,2.4,3864
64.515,2.5,3865
64.532,2.3,3866
64.548,2.3,3867
64.565,2.1,3868
64.582,2.1,3869
64.598,1.9,3870
64.615,1.8,3871
64.632,1.5,3872
64.648,1.4,3873
64.665,1.1,3874
64.682,1.0,3875
64.698,0.7,3876
64.715,0.5,3877
64.732,0.2,3878
64.749,-0.0,3879
64.765,-0.3,3880
64.782,-0.3,3881
64.799,-0.7,3882
64.815,-0.8,3883
64.832,-1.1,3884
64.849,-1.2,3885
64.865,-1.3,3886
64.882,-1.3,3887
64.899,-1.6,3888
64.915,-1.6,3889
64.932,-1.7,3890
64.949,-1.5,3891
64.966,-1.7,3892
64.982,-1.5,3893
64.999,-1.6,3894
65.016,-1.4,3895
65.032,-1.4,3896
65.049,-1.2,3897
65.066,-1.1,3898
65.082,-0.8,3899
65.099,-0.8,3900
65.116,-0.5,3901
65.132,-0.4,3902
65.149,-0.1,3903
65.166,0.1,3904
65.183,0.3,3905
65.199,0.5,3906
65.216,0.8,3907
65.233,0.9,3908
65.249,1.3,3909
65.266,1.3,3910
65.283,1.6,3911
65.299,1.7,3912
65.316,1.9,3913
65.333,2.0,3914
65.349,2.1,3915
65.366,2.1,3916
65.383,2.4,3917
65.400,2.3,3918
65.416,2.5,3919
65.433,2.4,3920
65.450,2.4,3921
65.466,2.4,3922
65.483,2.5,3923
65.500,2.3,3924
65.516,2.2,3925
65.533,2.0,3926
65.550,2.0,3927
65.566,1.7,3928
65.583,1.7,3929
65.600,1.5,3930
65.616,1.3,3931
65.633,1.1,3932
65.650,0.9,3933
65.667,0.7,3934
65.683,0.5,3935
65.700,0.2,3936
65.717,0.1,3937
65.733,-0.1,3938
65.750,-0.3,3939
65.767,-0.5,3940
65.783,-0.7,3941
65.800,-0.8,3942
65.817,-1.0,3943
65.833,-1.2,3944
65.850,-1.2,3945
65.867,-1.3,3946
65.884,-1.4,3947
65.900,-1.4,3948
65.917,-1.4,3949
65.934,-1.4,3950
65.950,-1.3,3951
65.967,-1.2,3952
65.984,-1.2,3953
66.000,-1.1,3954
66.017,-1.0,3955
66.034,-0.8,3956
66.050,-0.8,3957
66.067,-0.5,3958
66.084,-0.4,3959
66.101,-0.1,3960
66.117,-0.0,3961
66.134,0.3,3962
66.151,0.3,3963
66.167,0.7,3964
66.184,0.8,3965
66.201,1.0,3966
66.217,1.1,3967
66.234,1.5,3968
66.251,1.5,3969
66.267,1.8,3970
66.284,1.8,3971
66.301,2.0,3972
66.318,2.0,3973
66.334,2.2,3974
66.351,2.1,3975
66.368,2.3,3976
66.384,2.2,3977
66.401,2.3,3978
66.418,2.3,3979
66.434,2.3,3980
66.451,2.4,3981
66.468,2.2,3982
66.484,1.9,3983
66.501,1.9,3984
66.518,1.7,3985
66.535,1.7,3986
66.551,1.4,3987
66.568,1.4,3988
66.585,1.2,3989
66.601,1.2,3990
66.618,0.8,3991
66.635,0.8,3992
66.651,0.5,3993
66.668,0.4,3994
66.685,0.1,3995
66.701,0.1,3996
66.718,-0.2,3997
66.735,-0.3,3998
66.752,-0.6,3999
66.768,-0.6,4000
66.785,-0.8,4001
66.802,-0.9,4002
66.818,-1.0,4003
66.835,-1.0,4004
66.852,-1.1,4005
66.868,-1.1,4006
66.885,-1.2,4007
66.902,-1.1,4008
66.918,-1.2,4009
66.935,-1.1,4010
66.952,-1.1,4011
66.969,-0.9,4012
66.985,-0.8,4013
67.002,-0.7,4014
67.019,-0.5,4015
67.035,-0.3,4016
67.052,-0.2,4017
67.069,0.1,4018
67.085,0.1,4019
67.102,0.4,4020
67.119,0.5,4021
67.135,0.7,4022
67.152,0.8,4023
67.169,1.0,4024
67.186,1.1,4025
67.202,1.3,4026
67.219,1.4,4027
67.236,1.6,4028
67.252,1.7,4029
67.269,1.9,4030
67.286,1.9,4031
67.302,2.0,4032
67.319,2.0,4033
67.336,2.1,4034
67.352,2.0,4035
67.369,2.0,4036
67.386,2.0,4037
67.403,2.0,4038
67.419,1.9,4039
67.436,1.9,4040
67.453,1.8,4041
67.469,1.7,4042
67.486,1.6,4043
67.503,1.6,4044
67.519,1.3,4045
67.536,1.2,4046
67.553,1.0,4047
67.569,0.8,4048
67.586,0.6,4049
67.603,0.4,4050
67.620,0.3,4051
67.636,0.2,4052
67.653,-0.0,4053
67.670,-0.1,4054
67.686,-0.4,4055
67.703,-0.5,4056
67.720,-0.6,4057
67.736,-0.7,4058
67.753,-0.8,4059
67.770,-0.9,4060
67.786,-1.0,4061
67.803,-1.0,4062
67.820,-1.1,4063
67.837,-1.1,4064
67.853,-1.1,4065
67.870,-1.1,4066
67.887,-1.1,4067
67.903,-1.0,4068
67.920,-1.0,4069
67.937,-0.9,4070
67.953,-0.8,4071
67.970,-0.6,4072
67.987,-0.5,4073
68.003,-0.3,4074
68.020,-0.2,4075
68.037,-0.0,4076
68.054,0.2,4077
68.070,0.3,4078
68.087,0.4,4079
68.104,0.7,4080
68.120,0.8,4081
68.137,1.0,4082
68.154,1.1,4083
68.170,1.3,4084
68.187,1.4,4085
68.204,1.4,4086
68.220,1.6,4087
68.237,1.8,4088
68.254,1.7,4089
68.271,1.8,4090
68.287,1.8,4091
68.304,1.9,4092
68.321,1.9,4093
68.337,1.9,4094
68.354,1.9,4095
68.371,1.9,4096
68.387,1.8,4097
68.404,1.8,4098
68.421,1.6,4099
68.437,1.5,4100
68.454,1.4,4101
68.471,1.3,4102
68.488,1.3,4103
68.504,1.1,4104
68.521,0.9,4105
68.538,0.9,4106
68.554,0.6,4107
68.571,0.5,4108
68.588,0.3,4109
68.604,0.1,4110
68.621,-0.0,4111
68.638,-0.2,4112
68.654,-0.3,4113
68.671,-0.4,4114
68.688,-0.5,4115
68.705,-0.6,4116
68.721,-0.7,4117
68.738,-0.8,4118
68.755,-0.8,4119
68.771,-1.0,4120
68.788,-0.9,4121
68.805,-1.0,4122
68.821,-1.0,4123
68.838,-1.0,4124
68.855,-1.0,4125
68.871,-0.9,4126
68.888,-0.8,4127
68.905,-0.8,4128
68.922,-0.6,4129
68.938,-0.6,4130
68.955,-0.4,4131
68.972,-0.3,4132
68.988,-0.2,4133
69.005,-0.0,4134
69.022,0.2,4135
69.038,0.3,4136
69.055,0.5,4137
69.072,0.6,4138
69.088,0.8,4139
69.105,0.9,4140
69.122,1.1,4141
69.139,1.2,4142
69.155,1.3,4143
69.172,1.3,4144
69.189,1.4,4145
69.205,1.5,4146
69.222,1.7,4147
69.239,1.6,4148
69.255,1.8,4149
69.272,1.7,4150
69.289,1.7,4151
69.305,1.7,4152
69.322,1.7,4153
69.339,1.6,4154
69.356,1.6,4155
69.372,1.4,4156
69.389,1.5,4157
69.406,1.3,4158
69.422,1.2,4159
69.439,1.1,4160
69.456,1.0,4161
69.472,0.8,4162
69.489,0.8,4163
69.506,0.5,4164
69.522,0.5,4165
69.539,0.3,4166
69.556,0.1,4167
69.573,0.0,4168
69.589,-0.1,4169
69.606,-0.3,4170
69.623,-0.4,4171
69.639,-0.6,4172
69.656,-0.5,4173
69.673,-0.7,4174
69.689,-0.6,4175
69.706,-0.8,4176
69.723,-0.8,4177
69.739,-0.8,4178
69.756,-0.9,4179
69.773,-0.9,4180
69.790,-0.8,4181
69.806,-0.9,4182
69.823,-0.8,4183
69.840,-0.8,4184
69.856,-0.6,4185
69.873,-0.7,4186
69.890,-0.5,4187
69.906,-0.4,4188
69.923,-0.2,4189
69.940,-0.2,4190
69.956,0.0,4191
69.973,0.1,4192
69.990,0.3,4193
70.007,0.4,4194
70.023,0.6,4195
70.040,0.7,4196
70.057,0.8,4197
70.073,0.9,4198
70.090,1.2,4199
70.107,1.1,4200
70.123,1.2,4201
70.140,1.3,4202
70.157,1.3,4203
70.173,1.4,4204
70.190,1.5,4205
70.207,1.5,4206
70.224,1.6,4207
70.240,1.5,4208
70.257,1.6,4209
70.274,1.5,4210
70.290,1.5,4211
70.307,1.4,4212
70.324,1.4,4213
70.340,1.3,4214
70.357,1.2,4215
70.374,1.1,4216
70.390,1.1,4217
70.407,0.8,4218
70.424,0.8,4219
70.441,0.6,4220
70.457,0.5,4221
70.474,0.5,4222
70.491,0.3,4223
70.507,0.2,4224
70.524,0.0,4225
70.541,-0.2,4226
70.557,-0.2,4227
70.574,-0.4,4228
70.591,-0.5,4229
70.607,-0.5,4230
70.624,-0.6,4231
70.641,-0.7,4232
70.658,-0.7,4233
70.674,-0.7,4234
70.691,-0.8,4235
70.708,-0.8,4236
70.724,-0.8,4237
70.741,-0.7,4238
70.758,-0.7,4239
70.774,-0.7,4240
70.791,-0.6,4241
70.808,-0.5,4242
70.824,-0.5,4243
70.841,-0.4,4244
70.858,-0.3,4245
70.874,-0.2,4246
70.891,-0.0,4247
70.908,0.0,4248
70.925,0.2,4249
70.941,0.2,4250
70.958,0.5,4251
70.975,0.5,4252
70.991,0.7,4253
71.008,0.7,4254
71.025,1.0,4255
71.041,1.0,4256
71.058,1.1,4257
71.075,1.2,4258
71.091,1.2,4259
71.108,1.3,4260
71.125,1.4,4261
71.142,1.4,4262
71.158,1.5,4263
71.175,1.5,4264
71.192,1.5,4265
71.208,1.5,4266
71.225,1.5,4267
71.242,1.5,4268
71.258,1.4,4269
71.275,1.3,4270
71.292,1.3,4271
71.308,1.2,4272
71.325,1.2,4273
71.342,1.0,4274
71.359,0.8,4275
71.375,0.7,4276
71.392,0.6,4277
71.409,0.5,4278
71.425,0.4,4279
71.442,0.3,4280
71.459,0.1,4281
71.475,-0.0,4282
71.492,-0.1,4283
71.509,-0.2,4284
71.525,-0.3,4285
71.542,-0.5,4286
71.559,-0.5,4287
71.576,-0.6,4288
71.592,-0.6,4289
71.609,-0.7,4290
71.626,-0.8,4291
71.642,-0.8,4292
71.659,-0.8,4293
71.676,-0.7,4294
71.692,-0.7,4295
71.709,-0.7,4296
71.726,-0.7,4297
71.742,-0.7,4298
71.759,-0.6,4299
71.776,-0.5,4300
71.793,-0.4,4301
71.809,-0.3,4302
71.826,-0.2,4303
71.843,-0.1,4304
71.859,0.0,4305
71.876,0.1,4306
71.893,0.3,4307
71.909,0.4,4308
71.926,0.5,4309
71.943,0.6,4310
71.959,0.7,4311
71.976,0.8,4312
71.993,1.0,4313
72.010,1.0,4314
72.026,1.1,4315
72.043,1.2,4316
72.060,1.2,4317
72.076,1.4,4318
72.093,1.4,4319
72.110,1.3,4320
72.126,1.4,4321
72.143,1.4,4322
72.160,1.4,4323
72.176,1.4,4324
72.193,1.4,4325
72.210,1.4,4326
72.227,1.3,4327
72.243,1.3,4328
72.260,1.1,4329
72.277,1.1,4330
72.293,1.0,4331
72.310,1.0,4332
