,mass A,,
t,θ,frame,
2.187,-58.4,131
2.203,-55.9,132
2.220,-52.7,133
2.237,-48.6,134
2.253,-44.0,135
2.270,-38.8,136
2.287,-33.1,137
2.304,-26.8,138
2.320,-20.2,139
2.337,-13.3,140
2.354,-6.2,141
2.370,0.8,142
2.387,8.0,143
2.404,15.3,144
2.420,22.2,145
2.437,28.9,146
2.454,35.2,147
2.470,40.9,148
2.487,46.0,149
2.504,50.5,150
2.521,53.5,151
2.537,56.4,152
2.554,58.6,153
2.571,60.1,154
2.587,60.8,155
2.604,60.7,156
2.621,59.9,157
2.637,58.3,158
2.654,55.7,159
2.671,52.6,160
2.687,48.7,161
2.704,44.2,162
2.721,39.1,163
2.738,33.6,164
2.754,27.3,165
2.771,20.9,166
2.788,14.6,167
2.804,7.8,168
2.821,0.9,169
2.838,-5.5,170
2.854,-12.5,171
2.871,-19.0,172
2.888,-25.2,173
2.904,-31.1,174
2.921,-36.6,175
2.938,-41.4,176
2.955,-45.7,177
2.971,-49.3,178
2.988,-52.1,179
3.005,-54.3,180
3.021,-55.7,181
3.038,-56.6,182
3.055,-56.4,183
3.071,-55.7,184
3.088,-54.0,185
3.105,-51.8,186
3.121,-48.8,187
3.138,-45.1,188
3.155,-40.8,189
3.172,-35.8,190
3.188,-30.5,191
3.205,-24.8,192
3.222,-18.5,193
3.238,-12.1,194
3.255,-5.2,195
3.272,1.4,196
3.288,8.3,197
3.305,15.1,198
3.322,21.6,199
3.338,27.9,200
3.355,33.8,201
3.372,39.2,202
3.389,44.0,203
3.405,48.2,204
3.422,51.9,205
3.439,54.8,206
3.455,57.0,207
3.472,58.4,208
3.489,57.8,209
3.505,57.7,210
3.522,56.7,211
3.539,55.1,212
3.555,52.7,213
3.572,49.7,214
3.589,46.0,215
3.606,41.9,216
3.622,37.0,217
3.639,31.6,218
3.656,25.7,219
3.672,19.5,220
3.689,13.1,221
3.706,6.7,222
3.722,0.0,223
3.739,-6.1,224
3.756,-12.8,225
3.772,-19.0,226
3.789,-24.8,227
3.806,-30.5,228
3.823,-35.4,229
3.839,-40.1,230
3.856,-44.0,231
3.873,-47.4,232
3.889,-50.0,233
3.906,-51.9,234
3.923,-53.2,235
3.939,-53.6,236
3.956,-53.4,237
3.973,-52.4,238
3.989,-50.5,239
4.006,-48.2,240
4.023,-45.1,241
4.040,-41.3,242
4.056,-37.0,243
4.073,-32.2,244
4.090,-26.7,245
4.106,-21.1,246
4.123,-15.0,247
4.140,-8.5,248
4.156,-2.3,249
4.173,4.3,250
4.190,10.9,251
4.206,17.1,252
4.223,23.3,253
4.240,29.1,254
4.257,34.5,255
4.273,39.5,256
4.290,43.9,257
4.307,47.7,258
4.323,50.8,259
4.340,53.4,260
4.357,55.1,261
4.373,56.0,262
4.390,56.2,263
4.407,55.8,264
4.423,54.6,265
4.440,52.7,266
4.457,50.0,267
4.474,46.7,268
4.490,42.8,269
4.507,38.4,270
4.524,33.4,271
4.540,28.0,272
4.557,22.1,273
4.574,16.0,274
4.590,9.8,275
4.607,3.4,276
4.624,-3.1,277
4.640,-10.3,278
4.657,-16.2,279
4.674,-21.8,280
4.691,-27.0,281
4.707,-32.2,282
4.724,-36.7,283
4.741,-40.7,284
4.757,-44.1,285
4.774,-46.9,286
4.791,-49.0,287
4.807,-50.4,288
4.824,-51.2,289
4.841,-51.2,290
4.857,-50.4,291
4.874,-48.9,292
4.891,-46.9,293
4.908,-44.2,294
4.924,-40.6,295
4.941,-36.6,296
4.958,-32.0,297
4.974,-27.1,298
4.991,-21.8,299
5.008,-16.2,300
5.024,-10.3,301
5.041,-4.3,302
5.058,1.9,303
5.074,8.1,304
5.091,14.3,305
5.108,20.3,306
5.125,26.0,307
5.141,31.3,308
5.158,36.2,309
5.175,40.5,310
5.191,44.1,311
5.208,47.3,312
5.225,49.3,313
5.241,51.0,314
5.258,51.9,315
5.275,52.3,316
5.291,52.0,317
5.308,50.8,318
5.325,49.1,319
5.342,46.7,320
5.358,43.6,321
5.375,39.9,322
5.392,35.7,323
5.408,30.8,324
5.425,25.6,325
5.442,20.3,326
5.458,14.3,327
5.475,8.4,328
5.492,2.3,329
5.508,-3.6,330
5.525,-9.5,331
5.542,-15.3,332
5.559,-20.7,333
5.575,-25.9,334
5.592,-30.7,335
5.609,-35.1,336
5.625,-39.0,337
5.642,-42.0,338
5.659,-44.8,339
5.675,-46.7,340
5.692,-48.0,341
5.709,-48.8,342
5.725,-48.5,343
5.742,-47.7,344
5.759,-46.4,345
5.776,-44.2,346
5.792,-41.7,347
5.809,-38.3,348
5.826,-34.5,349
5.842,-30.1,350
5.859,-25.3,351
5.876,-20.3,352
5.892,-15.1,353
5.909,-9.3,354
5.926,-3.7,355
5.942,2.2,356
5.959,8.1,357
5.976,14.1,358
5.993,19.8,359
6.009,25.1,360
6.026,30.2,361
6.043,34.8,362
6.059,38.9,363
6.076,42.5,364
6.093,45.2,365
6.109,47.4,366
6.126,49.2,367
6.143,49.8,368
6.159,50.0,369
6.176,49.4,370
6.193,48.2,371
6.209,46.5,372
6.226,44.0,373
6.243,40.9,374
6.260,37.3,375
6.276,33.2,376
6.293,28.4,377
6.310,23.3,378
6.326,17.9,379
6.343,12.4,380
6.360,6.7,381
6.376,1.0,382
6.393,-4.9,383
6.410,-10.3,384
6.426,-15.7,385
6.443,-20.9,386
6.460,-25.8,387
6.477,-30.3,388
6.493,-34.3,389
6.510,-37.8,390
6.527,-40.9,391
6.543,-43.2,392
6.560,-45.0,393
6.577,-46.0,394
6.593,-46.5,395
6.610,-46.1,396
6.627,-45.2,397
6.643,-43.5,398
6.660,-41.4,399
6.677,-38.5,400
6.694,-35.3,401
6.710,-31.4,402
6.727,-27.2,403
6.744,-22.6,404
6.760,-17.7,405
6.777,-12.5,406
6.794,-7.1,407
6.810,-1.6,408
6.827,4.0,409
6.844,9.7,410
6.860,15.2,411
6.877,20.5,412
6.894,25.6,413
6.911,30.3,414
6.927,34.7,415
6.944,38.4,416
6.961,41.5,417
6.977,44.1,418
6.994,46.0,419
7.011,46.8,420
7.027,47.4,421
7.044,47.3,422
7.061,46.7,423
7.077,45.2,424
7.094,43.2,425
7.111,40.5,426
7.128,37.3,427
7.144,33.6,428
7.161,29.6,429
7.178,24.7,430
7.194,19.8,431
7.211,14.5,432
7.228,9.1,433
7.244,3.7,434
7.261,-1.9,435
7.278,-7.2,436
7.294,-12.5,437
7.311,-17.5,438
7.328,-22.3,439
7.345,-26.8,440
7.361,-30.5,441
7.378,-34.1,442
7.395,-37.1,443
7.411,-39.8,444
7.428,-41.7,445
7.445,-43.0,446
7.461,-43.7,447
7.478,-43.7,448
7.495,-43.2,449
7.511,-41.9,450
7.528,-40.1,451
7.545,-37.7,452
7.562,-34.7,453
7.578,-31.3,454
7.595,-27.4,455
7.612,-23.0,456
7.628,-18.6,457
7.645,-13.7,458
7.662,-8.6,459
7.678,-3.4,460
7.695,1.9,461
7.712,7.2,462
7.728,12.5,463
7.745,17.8,464
7.762,22.6,465
7.779,27.3,466
7.795,31.4,467
7.812,35.1,468
7.829,38.3,469
7.845,40.7,470
7.862,42.6,471
7.879,43.9,472
7.895,44.6,473
7.912,44.6,474
7.929,44.2,475
7.945,43.0,476
7.962,41.2,477
7.979,38.9,478
7.996,35.9,479
8.012,32.5,480
8.029,28.8,481
8.046,24.4,482
8.062,19.8,483
8.079,15.0,484
8.096,10.0,485
8.112,4.9,486
8.129,-0.4,487
8.146,-5.6,488
8.162,-10.6,489
8.179,-15.4,490
8.196,-20.0,491
8.213,-24.3,492
8.229,-28.1,493
8.246,-31.4,494
8.263,-34.4,495
8.279,-36.9,496
8.296,-38.9,497
8.313,-40.3,498
8.329,-41.2,499
8.346,-41.2,500
8.363,-40.8,501
8.379,-39.7,502
8.396,-38.2,503
8.413,-36.0,504
8.430,-33.3,505
8.446,-30.1,506
8.463,-26.4,507
8.480,-22.5,508
8.496,-18.2,509
8.513,-13.6,510
8.530,-8.8,511
8.546,-3.9,512
8.563,1.1,513
8.580,6.2,514
8.596,11.3,515
8.613,16.2,516
8.630,21.0,517
8.647,25.2,518
8.663,29.4,519
8.680,32.9,520
8.697,36.1,521
8.713,38.3,522
8.730,40.2,523
8.747,41.6,524
8.763,42.2,525
8.780,42.3,526
8.797,41.9,527
8.813,40.8,528
8.830,39.1,529
8.847,37.0,530
8.864,34.3,531
8.880,31.0,532
8.897,27.4,533
8.914,23.4,534
8.930,18.9,535
8.947,14.3,536
8.964,9.6,537
8.980,4.6,538
8.997,-0.3,539
9.014,-5.3,540
9.030,-10.0,541
9.047,-14.6,542
9.064,-19.0,543
9.081,-23.1,544
9.097,-26.7,545
9.114,-30.0,546
9.131,-32.6,547
9.147,-35.1,548
9.164,-36.9,549
9.181,-38.3,550
9.197,-39.0,551
9.214,-39.1,552
9.231,-38.6,553
9.247,-37.6,554
9.264,-36.0,555
9.281,-34.0,556
9.298,-31.3,557
9.314,-28.3,558
9.331,-24.8,559
9.348,-21.0,560
9.364,-16.9,561
9.381,-12.6,562
9.398,-8.0,563
9.414,-3.5,564
9.431,1.5,565
9.448,6.2,566
9.464,11.0,567
9.481,15.6,568
9.498,20.0,569
9.515,24.1,570
9.531,28.1,571
9.548,31.4,572
9.565,34.1,573
9.581,36.4,574
9.598,38.1,575
9.615,39.1,576
9.631,39.7,577
9.648,39.8,578
9.665,39.2,579
9.681,38.2,580
9.698,36.6,581
9.715,34.3,582
9.732,31.7,583
9.748,28.5,584
9.765,25.0,585
9.782,21.1,586
9.798,17.0,587
9.815,12.6,588
9.832,8.0,589
9.848,3.3,590
9.865,-1.4,591
9.882,-6.1,592
9.898,-10.5,593
9.915,-14.7,594
9.932,-18.8,595
9.949,-22.5,596
9.965,-25.7,597
9.982,-28.7,598
9.999,-31.4,599
10.015,-33.5,600
10.032,-35.3,601
10.049,-36.2,602
10.065,-36.9,603
10.082,-36.9,604
10.099,-36.3,605
10.115,-35.2,606
10.132,-33.6,607
10.149,-31.5,608
10.166,-29.0,609
10.182,-25.9,610
10.199,-22.6,611
10.216,-18.8,612
10.232,-14.9,613
10.249,-10.6,614
10.266,-6.3,615
10.282,-1.8,616
10.299,2.7,617
10.316,7.4,618
10.332,11.8,619
10.349,16.1,620
10.366,20.4,621
10.383,24.3,622
10.399,27.4,623
10.416,30.5,624
10.433,33.0,625
10.449,35.0,626
10.466,36.5,627
10.483,37.4,628
10.499,37.6,629
10.516,37.6,630
10.533,36.9,631
10.549,35.7,632
10.566,33.9,633
10.583,31.7,634
10.600,29.0,635
10.616,25.9,636
10.633,22.4,637
10.650,18.6,638
10.666,14.6,639
10.683,10.4,640
10.700,5.9,641
10.716,1.5,642
10.733,-3.0,643
10.750,-7.4,644
10.766,-11.5,645
10.783,-15.5,646
10.800,-19.1,647
10.817,-22.3,648
10.833,-25.3,649
10.850,-28.1,650
10.867,-30.4,651
10.883,-32.3,652
10.900,-33.6,653
10.917,-34.5,654
10.933,-34.7,655
10.950,-34.6,656
10.967,-33.8,657
10.983,-32.7,658
11.000,-30.9,659
11.017,-28.8,660
11.034,-26.0,661
11.050,-23.1,662
11.067,-19.7,663
11.084,-16.1,664
11.100,-12.2,665
11.117,-8.2,666
11.134,-4.0,667
11.150,0.2,668
11.167,4.6,669
11.184,8.9,670
11.200,13.0,671
11.217,17.0,672
11.234,21.1,673
11.251,24.5,674
11.267,27.4,675
11.284,30.0,676
11.301,32.1,677
11.317,33.7,678
11.334,34.8,679
11.351,35.4,680
11.367,35.5,681
11.384,35.1,682
11.401,34.2,683
11.417,32.7,684
11.434,30.9,685
11.451,28.6,686
11.468,25.7,687
11.484,22.6,688
11.501,19.1,689
11.518,15.4,690
11.534,11.5,691
11.551,7.4,692
11.568,3.2,693
11.584,-1.0,694
11.601,-5.1,695
11.618,-9.1,696
11.634,-13.1,697
11.651,-16.6,698
11.668,-19.9,699
11.685,-22.7,700
11.701,-25.5,701
11.718,-27.7,702
11.735,-29.8,703
11.751,-31.2,704
11.768,-32.3,705
11.785,-32.7,706
11.801,-32.7,707
11.818,-32.2,708
11.835,-31.2,709
11.851,-29.7,710
11.868,-27.8,711
11.885,-25.5,712
11.902,-22.8,713
11.918,-19.7,714
11.935,-16.4,715
11.952,-12.8,716
11.968,-9.1,717
11.985,-5.2,718
12.002,-1.1,719
12.018,3.0,720
12.035,7.0,721
12.052,11.1,722
12.068,14.9,723
12.085,18.6,724
12.102,22.2,725
12.119,25.1,726
12.135,27.6,727
12.152,29.7,728
12.169,31.5,729
12.185,32.7,730
12.202,33.4,731
12.219,33.6,732
12.235,33.4,733
12.252,32.6,734
12.269,31.4,735
12.285,29.8,736
12.302,27.7,737
12.319,25.2,738
12.336,22.4,739
12.352,19.2,740
12.369,15.7,741
12.386,12.0,742
12.402,8.2,743
12.419,4.2,744
12.436,0.2,745
12.452,-3.6,746
12.469,-7.5,747
12.486,-11.2,748
12.502,-14.8,749
12.519,-17.8,750
12.536,-20.7,751
12.553,-23.2,752
12.569,-25.6,753
12.586,-27.6,754
12.603,-29.1,755
12.619,-30.0,756
12.636,-30.7,757
12.653,-30.7,758
12.669,-30.4,759
12.686,-29.6,760
12.703,-28.3,761
12.719,-26.5,762
12.736,-24.4,763
12.753,-21.9,764
12.770,-19.2,765
12.786,-16.0,766
12.803,-12.7,767
12.820,-9.1,768
12.836,-5.5,769
12.853,-1.7,770
12.870,2.1,771
12.886,6.0,772
12.903,9.9,773
12.920,13.5,774
12.936,16.9,775
12.953,20.0,776
12.970,22.9,777
12.987,25.4,778
13.003,27.5,779
13.020,29.2,780
13.037,30.5,781
13.053,31.2,782
13.070,31.5,783
13.087,31.3,784
13.103,30.6,785
13.120,29.7,786
13.137,28.1,787
13.153,26.1,788
13.170,23.7,789
13.187,21.2,790
13.204,18.1,791
13.220,14.9,792
13.237,11.5,793
13.254,7.9,794
13.270,4.3,795
13.287,0.5,796
13.304,-3.3,797
13.320,-6.8,798
13.337,-10.4,799
13.354,-13.7,800
13.370,-16.5,801
13.387,-19.2,802
13.404,-21.7,803
13.421,-23.9,804
13.437,-25.7,805
13.454,-27.2,806
13.471,-28.2,807
13.487,-28.8,808
13.504,-28.8,809
13.521,-28.5,810
13.537,-27.8,811
13.554,-26.6,812
13.571,-25.0,813
13.587,-23.0,814
13.604,-20.7,815
13.621,-18.0,816
13.638,-15.1,817
13.654,-12.0,818
13.671,-8.6,819
13.688,-5.2,820
13.704,-1.6,821
13.721,2.0,822
13.738,5.7,823
13.754,9.4,824
13.771,12.7,825
13.788,15.8,826
13.804,18.7,827
13.821,21.4,828
13.838,23.7,829
13.855,25.7,830
13.871,27.4,831
13.888,28.5,832
13.905,29.2,833
13.921,29.5,834
13.938,29.4,835
13.955,28.8,836
13.971,27.8,837
13.988,26.3,838
14.005,24.4,839
14.021,22.2,840
14.038,19.6,841
14.055,16.8,842
14.072,13.8,843
14.088,10.6,844
14.105,7.2,845
14.122,3.7,846
14.138,0.3,847
14.155,-3.3,848
14.172,-6.7,849
14.188,-10.0,850
14.205,-13.0,851
14.222,-15.8,852
14.238,-18.2,853
14.255,-20.5,854
14.272,-22.5,855
14.289,-24.3,856
14.305,-25.4,857
14.322,-26.4,858
14.339,-26.9,859
14.355,-27.0,860
14.372,-26.7,861
14.389,-25.9,862
14.405,-24.8,863
14.422,-23.2,864
14.439,-21.2,865
14.455,-19.2,866
14.472,-16.5,867
14.489,-13.8,868
14.506,-10.9,869
14.522,-7.7,870
14.539,-4.4,871
14.556,-1.1,872
14.572,2.3,873
14.589,5.6,874
14.606,9.0,875
14.622,12.1,876
14.639,15.1,877
14.656,17.9,878
14.672,20.4,879
14.689,22.6,880
14.706,24.4,881
14.723,25.8,882
14.739,26.8,883
14.756,27.3,884
14.773,27.7,885
14.789,27.4,886
14.806,26.7,887
14.823,25.8,888
14.839,24.4,889
14.856,22.6,890
14.873,20.5,891
14.889,18.0,892
14.906,15.4,893
14.923,12.5,894
14.940,9.4,895
14.956,6.2,896
14.973,3.0,897
14.990,-0.3,898
15.006,-3.6,899
15.023,-6.7,900
15.040,-9.8,901
15.056,-12.7,902
15.073,-15.1,903
15.090,-17.4,904
15.106,-19.5,905
15.123,-21.4,906
15.140,-22.9,907
15.157,-24.1,908
15.173,-24.8,909
15.190,-25.2,910
15.207,-25.2,911
15.223,-24.8,912
15.240,-24.0,913
15.257,-22.8,914
15.273,-21.3,915
15.290,-19.5,916
15.307,-17.2,917
15.323,-14.9,918
15.340,-12.3,919
15.357,-9.5,920
15.374,-6.5,921
15.390,-3.5,922
15.407,-0.3,923
15.424,2.8,924
15.440,6.0,925
15.457,9.1,926
15.474,12.0,927
15.490,14.8,928
15.507,17.2,929
15.524,19.4,930
15.540,21.5,931
15.557,23.1,932
15.574,24.5,933
15.591,25.3,934
15.607,25.7,935
15.624,25.8,936
15.641,25.5,937
15.657,24.8,938
15.674,23.7,939
15.691,22.3,940
15.707,20.5,941
15.724,18.4,942
15.741,16.1,943
15.757,13.6,944
15.774,10.7,945
15.791,7.9,946
15.808,4.9,947
15.824,1.8,948
15.841,-1.2,949
15.858,-4.3,950
15.874,-7.2,951
15.891,-10.1,952
15.908,-12.5,953
15.924,-14.9,954
15.941,-17.0,955
15.958,-18.9,956
15.974,-20.5,957
15.991,-21.7,958
16.008,-22.7,959
16.025,-23.3,960
16.041,-23.5,961
16.058,-23.3,962
16.075,-22.8,963
16.091,-21.9,964
16.108,-20.7,965
16.125,-19.1,966
16.141,-17.4,967
16.158,-15.2,968
16.175,-12.9,969
16.191,-10.3,970
16.208,-7.6,971
16.225,-4.8,972
16.242,-2.0,973
16.258,1.1,974
16.275,4.0,975
16.292,7.0,976
16.308,9.9,977
16.325,12.4,978
16.342,14.9,979
16.358,17.1,980
16.375,19.1,981
16.392,20.9,982
16.408,22.2,983
16.425,23.3,984
16.442,23.8,985
16.459,24.2,986
16.475,24.1,987
16.492,23.7,988
16.509,22.8,989
16.525,21.6,990
16.542,20.1,991
16.559,18.5,992
16.575,16.3,993
16.592,14.1,994
16.609,11.5,995
16.625,9.0,996
16.642,6.2,997
16.659,3.4,998
16.676,0.5,999
16.692,-2.2,1000
16.709,-5.1,1001
16.726,-7.7,1002
16.742,-10.3,1003
16.759,-12.5,1004
16.776,-14.8,1005
16.792,-16.5,1006
16.809,-18.3,1007
16.826,-19.5,1008
16.842,-20.7,1009
16.859,-21.3,1010
16.876,-21.8,1011
16.893,-21.7,1012
16.909,-21.6,1013
16.926,-20.8,1014
16.943,-19.9,1015
16.959,-18.6,1016
16.976,-17.0,1017
16.993,-15.1,1018
17.009,-13.2,1019
17.026,-10.7,1020
17.043,-8.5,1021
17.059,-5.7,1022
17.076,-3.2,1023
17.093,-0.4,1024
17.110,2.3,1025
17.126,5.1,1026
17.143,7.7,1027
17.160,10.4,1028
17.176,12.7,1029
17.193,14.9,1030
17.210,16.9,1031
17.226,18.6,1032
17.243,20.0,1033
17.260,21.1,1034
17.276,22.0,1035
17.293,22.4,1036
17.310,22.4,1037
17.327,22.3,1038
17.343,21.6,1039
17.360,20.7,1040
17.377,19.5,1041
17.393,17.9,1042
17.410,16.2,1043
17.427,14.2,1044
17.443,11.9,1045
17.460,9.6,1046
17.477,7.0,1047
17.493,4.4,1048
17.510,1.8,1049
17.527,-0.9,1050
17.544,-3.4,1051
17.560,-5.9,1052
17.577,-8.3,1053
17.594,-10.6,1054
17.610,-12.7,1055
17.627,-14.5,1056
17.644,-16.1,1057
17.660,-17.5,1058
17.677,-18.7,1059
17.694,-19.4,1060
17.710,-20.0,1061
17.727,-20.1,1062
17.744,-20.0,1063
17.761,-19.6,1064
17.777,-18.8,1065
17.794,-17.7,1066
17.811,-16.4,1067
17.827,-14.7,1068
17.844,-12.9,1069
17.861,-10.9,1070
17.877,-8.6,1071
17.894,-6.2,1072
17.911,-3.9,1073
17.927,-1.3,1074
17.944,1.2,1075
17.961,3.8,1076
17.978,6.3,1077
17.994,8.7,1078
18.011,11.0,1079
18.028,13.1,1080
18.044,14.9,1081
18.061,16.6,1082
18.078,18.0,1083
18.094,19.2,1084
18.111,20.1,1085
18.128,20.6,1086
18.144,20.7,1087
18.161,20.7,1088
18.178,20.2,1089
18.195,19.4,1090
18.211,18.4,1091
18.228,17.1,1092
18.245,15.5,1093
18.261,13.7,1094
18.278,11.7,1095
18.295,9.5,1096
18.311,7.2,1097
18.328,4.8,1098
18.345,2.4,1099
18.361,-0.1,1100
18.378,-2.6,1101
18.395,-4.9,1102
18.411,-7.2,1103
18.428,-9.3,1104
18.445,-11.2,1105
18.462,-13.0,1106
18.478,-14.5,1107
18.495,-15.9,1108
18.512,-16.9,1109
18.528,-17.7,1110
18.545,-18.3,1111
18.562,-18.5,1112
18.578,-18.5,1113
18.595,-18.2,1114
18.612,-17.5,1115
18.628,-16.6,1116
18.645,-15.4,1117
18.662,-14.0,1118
18.679,-12.4,1119
18.695,-10.5,1120
18.712,-8.5,1121
18.729,-6.4,1122
18.745,-4.1,1123
18.762,-1.7,1124
18.779,0.6,1125
18.795,3.0,1126
18.812,5.3,1127
18.829,7.5,1128
18.845,9.6,1129
18.862,11.6,1130
18.879,13.4,1131
18.896,15.0,1132
18.912,16.4,1133
18.929,17.5,1134
18.946,18.4,1135
18.962,19.0,1136
18.979,19.2,1137
18.996,19.1,1138
19.012,18.8,1139
19.029,18.2,1140
19.046,17.3,1141
19.062,16.1,1142
19.079,14.6,1143
19.096,13.0,1144
19.113,11.2,1145
19.129,9.3,1146
19.146,7.2,1147
19.163,4.9,1148
19.179,2.7,1149
19.196,0.4,1150
19.213,-1.8,1151
19.229,-4.1,1152
19.246,-6.1,1153
19.263,-8.0,1154
19.279,-9.9,1155
19.296,-11.6,1156
19.313,-13.0,1157
19.330,-14.4,1158
19.346,-15.4,1159
19.363,-16.2,1160
19.380,-16.8,1161
19.396,-17.1,1162
19.413,-17.1,1163
19.430,-16.9,1164
19.446,-16.3,1165
19.463,-15.5,1166
19.480,-14.4,1167
19.496,-13.3,1168
19.513,-11.7,1169
19.530,-10.1,1170
19.547,-8.2,1171
19.563,-6.3,1172
19.580,-4.3,1173
19.597,-2.1,1174
19.613,0.1,1175
19.630,2.2,1176
19.647,4.4,1177
19.663,6.5,1178
19.680,8.5,1179
19.697,10.4,1180
19.713,12.1,1181
19.730,13.5,1182
19.747,14.9,1183
19.764,16.0,1184
19.780,16.8,1185
19.797,17.4,1186
19.814,17.6,1187
19.830,17.6,1188
19.847,17.3,1189
19.864,16.9,1190
19.880,16.0,1191
19.897,14.9,1192
19.914,13.7,1193
19.930,12.2,1194
19.947,10.6,1195
19.964,8.8,1196
19.981,6.8,1197
19.997,4.8,1198
20.014,2.7,1199
20.031,0.7,1200
20.047,-1.3,1201
20.064,-3.4,1202
20.081,-5.4,1203
20.097,-7.2,1204
20.114,-8.9,1205
20.131,-10.5,1206
20.147,-11.8,1207
20.164,-13.0,1208
20.181,-14.0,1209
20.198,-14.8,1210
20.214,-15.2,1211
20.231,-15.7,1212
20.248,-15.7,1213
20.264,-15.5,1214
20.281,-15.0,1215
20.298,-14.3,1216
20.314,-13.3,1217
20.331,-12.2,1218
20.348,-10.8,1219
20.364,-9.4,1220
20.381,-7.6,1221
20.398,-5.9,1222
20.415,-3.9,1223
20.431,-2.0,1224
20.448,0.0,1225
20.465,1.9,1226
20.481,4.0,1227
20.498,5.9,1228
20.515,7.8,1229
20.531,9.5,1230
20.548,11.0,1231
20.565,12.3,1232
20.581,13.6,1233
20.598,14.6,1234
20.615,15.4,1235
20.632,15.9,1236
20.648,16.2,1237
20.665,16.1,1238
20.682,15.9,1239
20.698,15.4,1240
20.715,14.7,1241
20.732,13.7,1242
20.748,12.5,1243
20.765,11.2,1244
20.782,9.8,1245
20.798,8.0,1246
20.815,6.3,1247
20.832,4.4,1248
20.849,2.5,1249
20.865,0.6,1250
20.882,-1.3,1251
20.899,-3.2,1252
20.915,-5.0,1253
20.932,-6.7,1254
20.949,-8.1,1255
20.965,-9.5,1256
20.982,-10.7,1257
20.999,-11.9,1258
21.015,-12.7,1259
21.032,-13.4,1260
21.049,-13.9,1261
21.066,-14.2,1262
21.082,-14.2,1263
21.099,-14.1,1264
21.116,-13.5,1265
21.132,-13.0,1266
21.149,-12.0,1267
21.166,-10.9,1268
21.182,-9.7,1269
21.199,-8.3,1270
21.216,-6.8,1271
21.232,-5.2,1272
21.249,-3.4,1273
21.266,-1.6,1274
21.283,0.2,1275
21.299,2.1,1276
21.316,3.9,1277
21.333,5.6,1278
21.349,7.3,1279
21.366,8.8,1280
21.383,10.2,1281
21.399,11.5,1282
21.416,12.5,1283
21.433,13.5,1284
21.449,14.2,1285
21.466,14.6,1286
21.483,14.7,1287
21.500,14.7,1288
21.516,14.5,1289
21.533,14.0,1290
21.550,13.4,1291
21.566,12.5,1292
21.583,11.5,1293
21.600,10.2,1294
21.616,8.8,1295
21.633,7.3,1296
21.650,5.7,1297
21.666,4.0,1298
21.683,2.3,1299
21.700,0.6,1300
21.717,-1.2,1301
21.733,-2.9,1302
21.750,-4.6,1303
21.767,-6.1,1304
21.783,-7.5,1305
21.800,-8.7,1306
21.817,-9.8,1307
21.833,-10.8,1308
21.850,-11.6,1309
21.867,-12.2,1310
21.883,-12.6,1311
21.900,-12.8,1312
21.917,-12.9,1313
21.934,-12.7,1314
21.950,-12.3,1315
21.967,-11.6,1316
21.984,-10.9,1317
22.000,-9.9,1318
22.017,-8.7,1319
22.034,-7.4,1320
22.050,-6.0,1321
22.067,-4.5,1322
22.084,-3.0,1323
22.100,-1.3,1324
22.117,0.3,1325
22.134,2.0,1326
22.151,3.7,1327
22.167,5.2,1328
22.184,6.7,1329
22.201,8.2,1330
22.217,9.4,1331
22.234,10.5,1332
22.251,11.5,1333
22.267,12.3,1334
22.284,12.9,1335
22.301,13.2,1336
22.317,13.4,1337
22.334,13.4,1338
22.351,13.1,1339
22.368,12.7,1340
22.384,12.0,1341
22.401,11.2,1342
22.418,10.1,1343
22.434,9.0,1344
22.451,7.7,1345
22.468,6.3,1346
22.484,4.8,1347
22.501,3.4,1348
22.518,1.8,1349
22.534,0.3,1350
22.551,-1.3,1351
22.568,-2.9,1352
22.585,-4.4,1353
22.601,-5.7,1354
22.618,-6.9,1355
22.635,-8.0,1356
22.651,-9.0,1357
22.668,-9.8,1358
22.685,-10.5,1359
22.701,-11.0,1360
22.718,-11.4,1361
22.735,-11.5,1362
22.751,-11.5,1363
22.768,-11.3,1364
22.785,-10.9,1365
22.802,-10.2,1366
22.818,-9.5,1367
22.835,-8.5,1368
22.852,-7.4,1369
22.868,-6.2,1370
22.885,-4.9,1371
22.902,-3.5,1372
22.918,-2.1,1373
22.935,-0.6,1374
22.952,0.8,1375
22.968,2.4,1376
22.985,3.8,1377
23.002,5.2,1378
23.019,6.5,1379
23.035,7.7,1380
23.052,8.8,1381
23.069,9.7,1382
23.085,10.5,1383
23.102,11.4,1384
23.119,11.8,1385
23.135,12.1,1386
23.152,12.1,1387
23.169,12.1,1388
23.185,11.8,1389
23.202,11.3,1390
23.219,10.7,1391
23.236,10.0,1392
23.252,8.9,1393
23.269,8.0,1394
23.286,6.7,1395
23.302,5.5,1396
23.319,4.1,1397
23.336,2.7,1398
23.352,1.3,1399
23.369,-0.1,1400
23.386,-1.6,1401
23.402,-2.9,1402
23.419,-4.3,1403
23.436,-5.4,1404
23.453,-6.5,1405
23.469,-7.4,1406
23.486,-8.4,1407
23.503,-9.0,1408
23.519,-9.7,1409
23.536,-9.9,1410
23.553,-10.3,1411
23.569,-10.3,1412
23.586,-10.3,1413
23.603,-10.0,1414
23.619,-9.6,1415
23.636,-9.0,1416
23.653,-8.3,1417
23.670,-7.4,1418
23.686,-6.4,1419
23.703,-5.3,1420
23.720,-4.1,1421
23.736,-2.8,1422
23.753,-1.6,1423
23.770,-0.2,1424
23.786,1.2,1425
23.803,2.6,1426
23.820,3.8,1427
23.836,5.2,1428
23.853,6.3,1429
23.870,7.4,1430
23.887,8.2,1431
23.903,9.1,1432
23.920,9.7,1433
23.937,10.3,1434
23.953,10.6,1435
23.970,10.9,1436
23.987,10.9,1437
24.003,10.8,1438
24.020,10.5,1439
24.037,10.0,1440
24.053,9.4,1441
24.070,8.6,1442
24.087,7.7,1443
24.104,6.7,1444
24.120,5.6,1445
24.137,4.4,1446
24.154,3.2,1447
24.170,1.9,1448
24.187,0.6,1449
24.204,-0.7,1450
24.220,-1.9,1451
24.237,-3.1,1452
24.254,-4.3,1453
24.270,-5.2,1454
24.287,-6.1,1455
24.304,-7.0,1456
24.321,-7.6,1457
24.337,-8.2,1458
24.354,-8.5,1459
24.371,-9.0,1460
24.387,-9.1,1461
24.404,-9.1,1462
24.421,-8.9,1463
24.437,-8.7,1464
24.454,-8.1,1465
24.471,-7.6,1466
24.487,-6.8,1467
24.504,-6.0,1468
24.521,-5.0,1469
24.538,-4.0,1470
24.554,-2.9,1471
24.571,-1.8,1472
24.588,-0.6,1473
24.604,0.6,1474
24.621,1.9,1475
24.638,2.9,1476
24.654,4.2,1477
24.671,5.2,1478
24.688,6.2,1479
24.704,7.1,1480
24.721,7.8,1481
24.738,8.4,1482
24.755,9.0,1483
24.771,9.4,1484
24.788,9.7,1485
24.805,9.7,1486
24.821,9.7,1487
24.838,9.3,1488
24.855,9.0,1489
24.871,8.4,1490
24.888,7.9,1491
24.905,7.1,1492
24.921,6.3,1493
24.938,5.3,1494
24.955,4.4,1495
24.972,3.2,1496
24.988,2.2,1497
25.005,1.0,1498
25.022,-0.1,1499
25.038,-1.3,1500
25.055,-2.4,1501
25.072,-3.5,1502
25.088,-4.3,1503
25.105,-5.1,1504
25.122,-5.8,1505
25.138,-6.5,1506
25.155,-7.0,1507
25.172,-7.5,1508
25.189,-7.7,1509
25.205,-8.0,1510
25.222,-8.0,1511
25.239,-8.0,1512
25.255,-7.7,1513
25.272,-7.4,1514
25.289,-6.9,1515
25.305,-6.3,1516
25.322,-5.6,1517
25.339,-4.8,1518
25.355,-3.9,1519
25.372,-3.0,1520
25.389,-2.0,1521
25.406,-0.9,1522
25.422,0.2,1523
25.439,1.2,1524
25.456,2.3,1525
25.472,3.3,1526
25.489,4.3,1527
25.506,5.2,1528
25.522,6.0,1529
25.539,6.6,1530
25.556,7.3,1531
25.572,7.8,1532
25.589,8.2,1533
25.606,8.5,1534
25.623,8.6,1535
25.639,8.6,1536
25.656,8.4,1537
25.673,8.1,1538
25.689,7.7,1539
25.706,7.2,1540
25.723,6.5,1541
25.739,5.8,1542
25.756,5.0,1543
25.773,4.1,1544
25.789,3.1,1545
25.806,2.3,1546
25.823,1.3,1547
25.840,0.2,1548
25.856,-0.8,1549
25.873,-1.7,1550
25.890,-2.7,1551
25.906,-3.5,1552
25.923,-4.3,1553
25.940,-4.9,1554
25.956,-5.5,1555
25.973,-6.0,1556
25.990,-6.3,1557
26.006,-6.7,1558
26.023,-6.9,1559
26.040,-7.0,1560
26.057,-7.0,1561
26.073,-6.8,1562
26.090,-6.5,1563
26.107,-6.2,1564
26.123,-5.6,1565
26.140,-5.1,1566
26.157,-4.4,1567
26.173,-3.6,1568
26.190,-2.8,1569
26.207,-1.9,1570
26.223,-1.0,1571
26.240,-0.1,1572
26.257,0.9,1573
26.274,1.7,1574
26.290,2.8,1575
26.307,3.6,1576
26.324,4.4,1577
26.340,5.1,1578
26.357,5.7,1579
26.374,6.3,1580
26.390,6.8,1581
26.407,7.2,1582
26.424,7.5,1583
26.440,7.5,1584
26.457,7.5,1585
26.474,7.4,1586
26.491,7.3,1587
26.507,6.8,1588
26.524,6.5,1589
26.541,5.9,1590
26.557,5.3,1591
26.574,4.5,1592
26.591,3.8,1593
26.607,2.9,1594
26.624,2.1,1595
26.641,1.2,1596
26.657,0.3,1597
26.674,-0.6,1598
26.691,-1.4,1599
26.708,-2.2,1600
26.724,-3.0,1601
26.741,-3.6,1602
26.758,-4.1,1603
26.774,-4.6,1604
26.791,-5.0,1605
26.808,-5.4,1606
26.824,-5.7,1607
26.841,-5.9,1608
26.858,-5.9,1609
26.874,-6.0,1610
26.891,-5.8,1611
26.908,-5.6,1612
26.925,-5.3,1613
26.941,-4.9,1614
26.958,-4.4,1615
26.975,-3.8,1616
26.991,-3.1,1617
27.008,-2.4,1618
27.025,-1.7,1619
27.041,-0.9,1620
27.058,-0.0,1621
27.075,0.8,1622
27.091,1.6,1623
27.108,2.4,1624
27.125,3.2,1625
27.142,3.9,1626
27.158,4.6,1627
27.175,5.1,1628
27.192,5.6,1629
27.208,6.0,1630
27.225,6.3,1631
27.242,6.5,1632
27.258,6.6,1633
27.275,6.7,1634
27.292,6.6,1635
27.308,6.4,1636
27.325,6.1,1637
27.342,5.7,1638
27.359,5.2,1639
27.375,4.7,1640
27.392,3.9,1641
27.409,3.4,1642
27.425,2.7,1643
27.442,1.9,1644
27.459,1.1,1645
27.475,0.4,1646
27.492,-0.4,1647
27.509,-1.1,1648
27.525,-1.9,1649
27.542,-2.4,1650
27.559,-3.1,1651
27.576,-3.5,1652
27.592,-3.9,1653
27.609,-4.3,1654
27.626,-4.6,1655
27.642,-4.9,1656
27.659,-5.1,1657
27.676,-5.1,1658
27.692,-5.2,1659
27.709,-5.0,1660
27.726,-4.8,1661
27.742,-4.5,1662
27.759,-4.2,1663
27.776,-3.7,1664
27.793,-3.2,1665
27.809,-2.6,1666
27.826,-2.1,1667
27.843,-1.3,1668
27.859,-0.7,1669
27.876,0.1,1670
27.893,0.8,1671
27.909,1.5,1672
27.926,2.2,1673
27.943,2.9,1674
27.959,3.5,1675
27.976,4.1,1676
27.993,4.4,1677
28.010,4.9,1678
28.026,5.1,1679
28.043,5.4,1680
28.060,5.6,1681
28.076,5.8,1682
28.093,5.7,1683
28.110,5.6,1684
28.126,5.5,1685
28.143,5.2,1686
28.160,4.9,1687
28.176,4.4,1688
28.193,3.9,1689
28.210,3.4,1690
28.227,2.8,1691
28.243,2.3,1692
28.260,1.6,1693
28.277,1.0,1694
28.293,0.3,1695
28.310,-0.4,1696
28.327,-1.0,1697
28.343,-1.6,1698
28.360,-2.1,1699
28.377,-2.5,1700
28.393,-2.9,1701
28.410,-3.2,1702
28.427,-3.6,1703
28.444,-3.8,1704
28.460,-4.0,1705
28.477,-4.2,1706
28.494,-4.3,1707
28.510,-4.2,1708
28.527,-4.2,1709
28.544,-3.9,1710
28.560,-3.7,1711
28.577,-3.4,1712
28.594,-3.0,1713
28.610,-2.5,1714
28.627,-2.0,1715
28.644,-1.5,1716
28.661,-0.9,1717
28.677,-0.3,1718
28.694,0.3,1719
28.711,0.9,1720
28.727,1.5,1721
28.744,2.1,1722
28.761,2.7,1723
28.777,3.1,1724
28.794,3.5,1725
28.811,3.8,1726
28.827,4.2,1727
28.844,4.4,1728
28.861,4.6,1729
28.878,4.8,1730
28.894,4.9,1731
28.911,4.8,1732
28.928,4.7,1733
28.944,4.6,1734
28.961,4.3,1735
28.978,4.1,1736
28.994,3.7,1737
29.011,3.3,1738
29.028,2.7,1739
29.044,2.3,1740
29.061,1.8,1741
29.078,1.2,1742
29.095,0.6,1743
29.111,0.1,1744
29.128,-0.5,1745
29.145,-1.0,1746
29.161,-1.5,1747
29.178,-1.9,1748
29.195,-2.2,1749
29.211,-2.6,1750
29.228,-2.9,1751
29.245,-3.2,1752
29.261,-3.4,1753
29.278,-3.5,1754
29.295,-3.6,1755
29.312,-3.6,1756
29.328,-3.6,1757
29.345,-3.5,1758
29.362,-3.3,1759
29.378,-3.1,1760
29.395,-2.8,1761
29.412,-2.4,1762
29.428,-2.0,1763
29.445,-1.6,1764
29.462,-1.1,1765
29.478,-0.6,1766
29.495,-0.1,1767
29.512,0.4,1768
29.529,0.9,1769
29.545,1.4,1770
29.562,2.0,1771
29.579,2.4,1772
29.595,2.7,1773
29.612,3.1,1774
29.629,3.3,1775
29.645,3.6,1776
29.662,3.8,1777
29.679,3.9,1778
29.695,4.1,1779
29.712,4.1,1780
29.729,4.1,1781
29.746,4.0,1782
29.762,3.9,1783
29.779,3.6,1784
29.796,3.4,1785
29.812,3.0,1786
29.829,2.6,1787
29.846,2.2,1788
29.862,1.8,1789
29.879,1.3,1790
29.896,0.9,1791
29.912,0.4,1792
29.929,-0.1,1793
29.946,-0.6,1794
29.963,-1.0,1795
29.979,-1.4,1796
29.996,-1.7,1797
30.013,-2.0,1798
30.029,-2.3,1799
30.046,-2.5,1800
30.063,-2.7,1801
30.079,-2.9,1802
30.096,-3.0,1803
30.113,-3.1,1804
30.129,-3.0,1805
30.146,-3.1,1806
30.163,-2.9,1807
30.180,-2.7,1808
30.196,-2.5,1809
30.213,-2.2,1810
30.230,-1.9,1811
30.246,-1.6,1812
30.263,-1.1,1813
30.280,-0.8,1814
30.296,-0.3,1815
30.313,0.2,1816
30.330,0.6,1817
30.346,1.1,1818
30.363,1.5,1819
30.380,1.9,1820
30.397,2.2,1821
30.413,2.4,1822
30.430,2.8,1823
30.447,3.0,1824
30.463,3.2,1825
30.480,3.4,1826
30.497,3.5,1827
30.513,3.6,1828
30.530,3.5,1829
30.547,3.5,1830
30.563,3.4,1831
30.580,3.2,1832
30.597,3.0,1833
30.613,2.7,1834
30.630,2.4,1835
30.647,2.1,1836
30.664,1.7,1837
30.680,1.3,1838
30.697,0.9,1839
30.714,0.5,1840
30.730,0.1,1841
30.747,-0.3,1842
30.764,-0.7,1843
30.780,-1.0,1844
30.797,-1.2,1845
30.814,-1.5,1846
30.830,-1.8,1847
30.847,-2.1,1848
30.864,-2.2,1849
30.881,-2.4,1850
30.897,-2.5,1851
30.914,-2.6,1852
30.931,-2.6,1853
30.947,-2.6,1854
30.964,-2.5,1855
30.981,-2.4,1856
30.997,-2.1,1857
31.014,-2.0,1858
31.031,-1.7,1859
31.047,-1.5,1860
31.064,-1.1,1861
31.081,-0.8,1862
31.098,-0.4,1863
31.114,-0.1,1864
31.131,0.5,1865
31.148,0.8,1866
31.164,1.2,1867
31.181,1.5,1868
31.198,1.7,1869
31.214,1.9,1870
31.231,2.1,1871
31.248,2.4,1872
31.264,2.6,1873
31.281,2.6,1874
31.298,2.9,1875
31.315,2.8,1876
31.331,2.8,1877
31.348,2.8,1878
31.365,2.7,1879
31.381,2.5,1880
31.398,2.4,1881
31.415,2.2,1882
31.431,2.0,1883
31.448,1.6,1884
31.465,1.4,1885
31.481,1.1,1886
31.498,0.8,1887
31.515,0.5,1888
31.532,0.1,1889
31.548,-0.2,1890
31.565,-0.4,1891
31.582,-0.8,1892
31.598,-1.0,1893
31.615,-1.2,1894
31.632,-1.4,1895
31.648,-1.6,1896
31.665,-1.8,1897
31.682,-1.8,1898
31.698,-2.0,1899
31.715,-2.0,1900
31.732,-2.0,1901
31.749,-2.1,1902
31.765,-2.0,1903
31.782,-1.9,1904
31.799,-1.7,1905
31.815,-1.5,1906
31.832,-1.3,1907
31.849,-1.0,1908
31.865,-0.8,1909
31.882,-0.6,1910
31.899,-0.2,1911
31.915,0.1,1912
31.932,0.4,1913
31.949,0.7,1914
31.966,1.0,1915
31.982,1.2,1916
31.999,1.5,1917
32.016,1.6,1918
32.032,1.9,1919
32.049,1.9,1920
32.066,2.1,1921
32.082,2.2,1922
32.099,2.3,1923
32.116,2.4,1924
32.132,2.4,1925
32.149,2.3,1926
32.166,2.3,1927
32.183,2.1,1928
32.199,2.0,1929
32.216,1.9,1930
32.233,1.7,1931
32.249,1.5,1932
32.266,1.2,1933
32.283,1.0,1934
32.299,0.7,1935
32.316,0.5,1936
32.333,0.3,1937
32.349,0.1,1938
32.366,-0.1,1939
32.383,-0.3,1940
32.400,-0.6,1941
32.416,-0.8,1942
32.433,-1.0,1943
32.450,-1.2,1944
32.466,-1.3,1945
32.483,-1.5,1946
32.500,-1.5,1947
32.516,-1.6,1948
32.533,-1.6,1949
32.550,-1.6,1950
32.566,-1.6,1951
32.583,-1.4,1952
32.600,-1.3,1953
32.617,-1.2,1954
32.633,-1.0,1955
32.650,-0.9,1956
32.667,-0.6,1957
32.683,-0.4,1958
32.700,-0.1,1959
32.717,0.2,1960
32.733,0.4,1961
32.750,0.6,1962
32.767,0.8,1963
32.783,1.0,1964
32.800,1.2,1965
32.817,1.4,1966
32.834,1.5,1967
32.850,1.7,1968
32.867,1.7,1969
32.884,1.8,1970
32.900,1.9,1971
32.917,1.9,1972
32.934,1.9,1973
32.950,1.9,1974
32.967,1.9,1975
32.984,1.8,1976
33.000,1.7,1977
33.017,1.6,1978
33.034,1.4,1979
33.051,1.3,1980
33.067,1.0,1981
33.084,0.8,1982
33.101,0.6,1983
33.117,0.4,1984
33.134,0.1,1985
33.151,-0.0,1986
33.167,-0.2,1987
33.184,-0.3,1988
33.201,-0.6,1989
33.217,-0.7,1990
33.234,-0.9,1991
33.251,-1.0,1992
33.268,-1.1,1993
33.284,-1.1,1994
33.301,-1.3,1995
33.318,-1.3,1996
33.334,-1.3,1997
33.351,-1.3,1998
33.368,-1.2,1999
33.384,-1.1,2000
33.401,-1.0,2001
33.418,-0.9,2002
33.434,-0.8,2003
33.451,-0.6,2004
33.468,-0.4,2005
33.485,-0.2,2006
33.501,-0.0,2007
33.518,0.2,2008
33.535,0.4,2009
33.551,0.6,2010
33.568,0.7,2011
33.585,0.9,2012
33.601,1.0,2013
33.618,1.2,2014
33.635,1.3,2015
33.651,1.4,2016
33.668,1.4,2017
33.685,1.5,2018
33.702,1.6,2019
33.718,1.6,2020
33.735,1.6,2021
33.752,1.6,2022
33.768,1.6,2023
33.785,1.5,2024
33.802,1.3,2025
33.818,1.3,2026
33.835,1.0,2027
33.852,1.0,2028
33.868,0.8,2029
33.885,0.6,2030
33.902,0.5,2031
33.919,0.4,2032
33.935,0.2,2033
33.952,0.1,2034
33.969,-0.1,2035
33.985,-0.3,2036
34.002,-0.4,2037
34.019,-0.5,2038
34.035,-0.6,2039
34.052,-0.7,2040
34.069,-0.8,2041
34.085,-0.9,2042
34.102,-0.9,2043
34.119,-0.9,2044
34.136,-0.9,2045
34.152,-0.9,2046
34.169,-0.9,2047
34.186,-0.7,2048
34.202,-0.6,2049
34.219,-0.4,2050
34.236,-0.3,2051
34.252,-0.2,2052
34.269,-0.1,2053
34.286,0.1,2054
34.302,0.2,2055
34.319,0.4,2056
34.336,0.5,2057
34.353,0.8,2058
34.369,0.8,2059
34.386,1.0,2060
34.403,1.1,2061
34.419,1.2,2062
34.436,1.2,2063
34.453,1.4,2064
34.469,1.4,2065
34.486,1.5,2066
34.503,1.4,2067
34.519,1.4,2068
34.536,1.4,2069
34.553,1.4,2070
34.570,1.3,2071
34.586,1.2,2072
34.603,1.0,2073
34.620,1.0,2074
34.636,0.8,2075
34.653,0.7,2076
34.670,0.5,2077
34.686,0.4,2078
34.703,0.3,2079
34.720,0.1,2080
34.736,0.0,2081
34.753,-0.1,2082
34.770,-0.3,2083
34.787,-0.3,2084
34.803,-0.5,2085
34.820,-0.6,2086
34.837,-0.7,2087
34.853,-0.7,2088
34.870,-0.8,2089
34.887,-0.8,2090
34.903,-0.8,2091
34.920,-0.8,2092
34.937,-0.8,2093
34.953,-0.8,2094
34.970,-0.7,2095
34.987,-0.6,2096
35.004,-0.5,2097
35.020,-0.3,2098
35.037,-0.2,2099
35.054,-0.1,2100
35.070,0.0,2101
35.087,0.3,2102
35.104,0.3,2103
35.120,0.5,2104
35.137,0.6,2105
35.154,0.7,2106
35.170,0.8,2107
35.187,0.9,2108
35.204,1.0,2109
35.221,1.1,2110
35.237,1.1,2111
35.254,1.2,2112
35.271,1.2,2113
35.287,1.3,2114
35.304,1.2,2115
35.321,1.2,2116
35.337,1.2,2117
35.354,1.1,2118
35.371,1.0,2119
35.387,1.0,2120
35.404,0.8,2121
35.421,0.8,2122
35.438,0.6,2123
35.454,0.5,2124
35.471,0.3,2125
35.488,0.2,2126
35.504,0.1,2127
35.521,0.0,2128
35.538,-0.1,2129
35.554,-0.2,2130
35.571,-0.3,2131
35.588,-0.4,2132
35.604,-0.4,2133
35.621,-0.6,2134
35.638,-0.6,2135
35.655,-0.6,2136
35.671,-0.6,2137
35.688,-0.6,2138
35.705,-0.7,2139
35.721,-0.7,2140
35.738,-0.6,2141
35.755,-0.6,2142
35.771,-0.4,2143
35.788,-0.4,2144
35.805,-0.3,2145
35.821,-0.1,2146
35.838,0.0,2147
35.855,0.1,2148
35.872,0.2,2149
35.888,0.3,2150
35.905,0.5,2151
35.922,0.5,2152
35.938,0.7,2153
35.955,0.8,2154
35.972,0.8,2155
35.988,0.8,2156
36.005,0.9,2157
36.022,0.9,2158
36.038,1.0,2159
36.055,0.9,2160
36.072,1.0,2161
36.089,0.9,2162
36.105,1.0,2163
36.122,0.9,2164
36.139,0.9,2165
36.155,0.8,2166
36.172,0.8,2167
36.189,0.6,2168
36.205,0.6,2169
36.222,0.4,2170
36.239,0.3,2171
36.255,0.2,2172
36.272,0.1,2173
36.289,-0.0,2174
36.306,-0.0,2175
36.322,-0.2,2176
36.339,-0.2,2177
36.356,-0.3,2178
36.372,-0.3,2179
36.389,-0.4,2180
36.406,-0.4,2181
36.422,-0.5,2182
36.439,-0.5,2183
36.456,-0.5,2184
36.472,-0.4,2185
36.489,-0.5,2186
36.506,-0.4,2187
36.523,-0.4,2188
36.539,-0.3,2189
36.556,-0.3,2190
36.573,-0.1,2191
36.589,-0.1,2192
36.606,0.0,2193
36.623,0.0,2194
36.639,0.2,2195
36.656,0.3,2196
36.673,0.4,2197
36.689,0.5,2198
36.706,0.5,2199
36.723,0.6,2200
36.740,0.7,2201
36.756,0.8,2202
36.773,0.9,2203
36.790,0.9,2204
36.806,0.9,2205
36.823,1.0,2206
36.840,1.0,2207
36.856,1.0,2208
36.873,1.0,2209
36.890,0.9,2210
36.906,0.9,2211
36.923,0.9,2212
36.940,0.8,2213
36.957,0.7,2214
36.973,0.6,2215
36.990,0.6,2216
37.007,0.4,2217
37.023,0.3,2218
37.040,0.2,2219
37.057,0.2,2220
37.073,0.1,2221
37.090,-0.0,2222
37.107,-0.1,2223
37.123,-0.1,2224
37.140,-0.2,2225
37.157,-0.2,2226
37.174,-0.4,2227
37.190,-0.3,2228
37.207,-0.4,2229
37.224,-0.4,2230
37.240,-0.4,2231
37.257,-0.4,2232
37.274,-0.3,2233
37.290,-0.3,2234
37.307,-0.2,2235
37.324,-0.2,2236
37.340,-0.1,2237
37.357,-0.1,2238
37.374,0.0,2239
37.391,0.1,2240
37.407,0.2,2241
37.424,0.3,2242
37.441,0.3,2243
37.457,0.5,2244
37.474,0.6,2245
37.491,0.6,2246
37.507,0.7,2247
37.524,0.7,2248
37.541,0.8,2249
37.557,0.8,2250
37.574,0.8,2251
37.591,0.8,2252
37.608,0.8,2253
37.624,0.8,2254
37.641,0.7,2255
37.658,0.7,2256
37.674,0.7,2257
37.691,0.6,2258
37.708,0.6,2259
37.724,0.5,2260
37.741,0.4,2261
37.758,0.3,2262
37.774,0.2,2263
37.791,0.1,2264
37.808,0.1,2265
37.825,-0.0,2266
37.841,-0.0,2267
37.858,-0.1,2268
37.875,-0.2,2269
37.891,-0.2,2270
37.908,-0.3,2271
37.925,-0.2,2272
37.941,-0.3,2273
37.958,-0.3,2274
37.975,-0.3,2275
37.991,-0.3,2276
38.008,-0.3,2277
38.025,-0.3,2278
38.042,-0.3,2279
38.058,-0.2,2280
38.075,-0.2,2281
38.092,-0.1,2282
38.108,-0.0,2283
38.125,0.0,2284
38.142,0.2,2285
38.158,0.2,2286
38.175,0.3,2287
38.192,0.3,2288
38.208,0.4,2289
38.225,0.4,2290
38.242,0.5,2291
38.259,0.5,2292
38.275,0.6,2293
38.292,0.6,2294
38.309,0.6,2295
38.325,0.6,2296
38.342,0.7,2297
38.359,0.7,2298
38.375,0.7,2299
38.392,0.7,2300
38.409,0.7,2301
38.425,0.7,2302
38.442,0.6,2303
38.459,0.6,2304
38.476,0.5,2305
38.492,0.4,2306
38.509,0.4,2307
38.526,0.3,2308
38.542,0.3,2309
38.559,0.2,2310
38.576,0.1,2311
38.592,0.1,2312
38.609,0.0,2313
38.626,-0.0,2314
38.642,-0.0,2315
38.659,-0.0,2316
38.676,-0.1,2317
38.693,-0.1,2318
38.709,-0.2,2319
38.726,-0.2,2320
38.743,-0.2,2321
38.759,-0.1,2322
38.776,-0.2,2323
38.793,-0.1,2324
38.809,-0.1,2325
38.826,-0.1,2326
38.843,-0.1,2327
38.859,-0.1,2328
38.876,-0.1,2329
38.893,0.1,2330
38.910,0.1,2331
38.926,0.2,2332
38.943,0.2,2333
38.960,0.3,2334
38.976,0.3,2335
38.993,0.5,2336
39.010,0.5,2337
39.026,0.6,2338
39.043,0.5,2339
39.060,0.7,2340
39.076,0.5,2341
39.093,0.7,2342
39.110,0.7,2343
39.127,0.7,2344
39.143,0.7,2345
39.160,0.7,2346
39.177,0.6,2347
39.193,0.6,2348
39.210,0.5,2349
39.227,0.6,2350
39.243,0.4,2351
39.260,0.4,2352
39.277,0.2,2353
39.293,0.3,2354
39.310,0.1,2355
39.327,0.1,2356
39.344,-0.0,2357
39.360,0.0,2358
39.377,-0.1,2359
39.394,-0.1,2360
39.410,-0.2,2361
39.427,-0.2,2362
39.444,-0.2,2363
39.460,-0.1,2364
39.477,-0.3,2365
39.494,-0.2,2366
39.510,-0.3,2367
39.527,-0.2,2368
39.544,-0.2,2369
39.561,-0.1,2370
39.577,-0.1,2371
39.594,-0.1,2372
39.611,-0.1,2373
39.627,0.0,2374
39.644,0.0,2375
39.661,0.2,2376
39.677,0.2,2377
39.694,0.3,2378
39.711,0.3,2379
39.727,0.3,2380
39.744,0.3,2381
39.761,0.4,2382
39.778,0.4,2383
39.794,0.5,2384
39.811,0.5,2385
39.828,0.6,2386
39.844,0.5,2387
39.861,0.5,2388
39.878,0.5,2389
39.894,0.5,2390
39.911,0.5,2391
39.928,0.5,2392
39.944,0.5,2393
39.961,0.5,2394
39.978,0.4,2395
39.995,0.4,2396
40.011,0.4,2397
40.028,0.3,2398
40.045,0.3,2399
40.061,0.3,2400
40.078,0.2,2401
40.095,0.2,2402
40.111,0.1,2403
40.128,0.1,2404
40.145,0.1,2405
40.161,-0.0,2406
40.178,0.0,2407
40.195,0.0,2408
40.212,0.0,2409
40.228,-0.0,2410
40.245,-0.0,2411
40.262,0.0,2412
40.278,0.0,2413
40.295,0.0,2414
40.312,0.1,2415
40.328,0.1,2416
40.345,0.2,2417
40.362,0.1,2418
40.378,0.2,2419
40.395,0.3,2420
40.412,0.3,2421
40.429,0.3,2422
40.445,0.3,2423
40.462,0.3,2424
40.479,0.5,2425
40.495,0.5,2426
40.512,0.5,2427
40.529,0.5,2428
40.545,0.5,2429
40.562,0.5,2430
40.579,0.5,2431
40.595,0.5,2432
40.612,0.5,2433
40.629,0.5,2434
40.646,0.5,2435
40.662,0.5,2436
40.679,0.5,2437
40.696,0.5,2438
40.712,0.5,2439
40.729,0.4,2440
40.746,0.4,2441
40.762,0.3,2442
40.779,0.3,2443
40.796,0.1,2444
40.812,0.1,2445
40.829,0.1,2446
40.846,0.1,2447
40.863,0.0,2448
40.879,0.0,2449
