,mass A,,
t,θ,frame,
0.000,-45.7,0
0.017,-49.8,1
0.033,-53.5,2
0.050,-56.3,3
0.067,-58.3,4
0.083,-59.3,5
0.100,-59.8,6
0.117,-59.4,7
0.134,-58.0,8
0.150,-56.0,9
0.167,-53.2,10
0.184,-49.8,11
0.200,-45.6,12
0.217,-40.9,13
0.234,-35.5,14
0.250,-29.5,15
0.267,-23.3,16
0.284,-16.9,17
0.300,-10.5,18
0.317,-3.8,19
0.334,2.9,20
0.351,9.9,21
0.367,16.6,22
0.384,23.1,23
0.401,29.3,24
0.417,35.0,25
0.434,40.1,26
0.451,44.8,27
0.467,48.7,28
0.484,52.0,29
0.501,54.5,30
0.517,56.3,31
0.534,57.3,32
0.551,57.5,33
0.568,57.0,34
0.584,55.6,35
0.601,53.7,36
0.618,51.0,37
0.634,47.6,38
0.651,43.7,39
0.668,39.0,40
0.684,33.8,41
0.701,28.3,42
0.718,22.2,43
0.734,15.8,44
0.751,9.1,45
0.768,2.1,46
0.785,-4.6,47
0.801,-11.3,48
0.818,-17.9,49
0.835,-24.0,50
0.851,-29.7,51
0.868,-35.0,52
0.885,-39.8,53
0.901,-44.3,54
0.918,-48.0,55
0.935,-51.1,56
0.951,-53.4,57
0.968,-54.9,58
0.985,-55.8,59
1.002,-55.8,60
1.018,-55.1,61
1.035,-53.7,62
1.052,-51.3,63
1.068,-48.5,64
1.085,-44.8,65
1.102,-40.6,66
1.118,-35.9,67
1.135,-30.7,68
1.152,-24.8,69
1.168,-18.8,70
1.185,-12.8,71
1.202,-6.6,72
1.218,-0.3,73
1.235,6.2,74
1.252,12.6,75
1.269,18.9,76
1.285,25.1,77
1.302,30.7,78
1.319,35.8,79
1.335,40.6,80
1.352,44.6,81
1.369,48.0,82
1.385,50.7,83
1.402,52.6,84
1.419,54.0,85
1.435,54.5,86
1.452,54.3,87
1.469,53.4,88
1.486,51.7,89
1.502,49.5,90
1.519,46.5,91
1.536,42.9,92
1.552,38.6,93
1.569,33.7,94
1.586,28.6,95
1.602,22.9,96
1.619,16.9,97
1.636,10.6,98
1.652,4.1,99
1.669,-2.4,100
1.686,-8.9,101
1.703,-15.1,102
1.719,-21.2,103
1.736,-26.9,104
1.753,-32.1,105
1.769,-36.8,106
1.786,-41.1,107
1.803,-44.9,108
1.819,-48.0,109
1.836,-50.3,110
1.853,-52.0,111
1.869,-52.9,112
1.886,-53.1,113
1.903,-52.5,114
1.920,-51.4,115
1.936,-49.3,116
1.953,-46.7,117
1.970,-43.4,118
1.986,-39.6,119
2.003,-34.9,120
2.020,-30.0,121
2.036,-24.5,122
2.053,-18.8,123
2.070,-13.1,124
2.086,-7.2,125
2.103,-1.3,126
2.120,4.6,127
2.137,10.8,128
2.153,16.8,129
2.170,22.6,130
2.187,28.1,131
2.203,33.2,132
2.220,37.7,133
2.237,41.6,134
2.253,45.0,135
2.270,47.8,136
2.287,49.8,137
2.303,51.1,138
2.320,51.6,139
2.337,51.5,140
2.354,50.7,141
2.370,49.2,142
2.387,47.1,143
2.404,44.1,144
2.420,40.6,145
2.437,36.6,146
2.454,32.0,147
2.470,27.0,148
2.487,21.5,149
2.504,15.7,150
2.520,9.7,151
2.537,3.5,152
2.554,-2.7,153
2.571,-8.8,154
2.587,-14.9,155
2.604,-20.6,156
2.621,-26.1,157
2.637,-30.9,158
2.654,-35.4,159
2.671,-39.4,160
2.687,-42.9,161
2.704,-45.8,162
2.721,-48.1,163
2.737,-49.6,164
2.754,-50.5,165
2.771,-50.6,166
2.788,-50.0,167
2.804,-48.8,168
2.821,-47.0,169
2.838,-44.3,170
2.854,-41.1,171
2.871,-37.4,172
2.888,-33.1,173
2.904,-28.2,174
2.921,-22.8,175
2.938,-17.3,176
2.954,-12.0,177
2.971,-6.3,178
2.988,-0.7,179
3.005,4.9,180
3.021,10.7,181
3.038,16.4,182
3.055,22.0,183
3.071,27.2,184
3.088,31.9,185
3.105,36.3,186
3.121,40.1,187
3.138,43.2,188
3.155,45.6,189
3.171,47.5,190
3.188,48.7,191
3.205,49.2,192
3.222,48.8,193
3.238,48.0,194
3.255,46.4,195
3.272,44.1,196
3.288,41.3,197
3.305,37.8,198
3.322,33.9,199
3.338,29.4,200
3.355,24.4,201
3.372,19.2,202
3.388,13.5,203
3.405,7.8,204
3.422,1.8,205
3.439,-4.2,206
3.455,-10.0,207
3.472,-15.6,208
3.489,-21.1,209
3.505,-25.9,210
3.522,-30.5,211
3.539,-34.7,212
3.555,-38.4,213
3.572,-41.7,214
3.589,-44.4,215
3.605,-46.4,216
3.622,-47.7,217
3.639,-48.3,218
3.655,-48.4,219
3.672,-47.6,220
3.689,-46.1,221
3.706,-44.2,222
3.722,-41.4,223
3.739,-38.2,224
3.756,-34.4,225
3.772,-29.9,226
3.789,-25.0,227
3.806,-19.9,228
3.822,-14.7,229
3.839,-9.3,230
3.856,-3.7,231
3.872,1.8,232
3.889,7.2,233
3.906,12.6,234
3.923,18.0,235
3.939,23.2,236
3.956,28.0,237
3.973,32.4,238
3.989,36.3,239
4.006,39.5,240
4.023,42.5,241
4.039,44.5,242
4.056,46.1,243
4.073,46.9,244
4.089,47.0,245
4.106,46.5,246
4.123,45.3,247
4.140,43.5,248
4.156,41.1,249
4.173,38.2,250
4.190,34.6,251
4.206,30.5,252
4.223,26.1,253
4.240,21.2,254
4.256,16.0,255
4.273,10.5,256
4.290,4.9,257
4.306,-0.9,258
4.323,-6.5,259
4.340,-11.9,260
4.357,-17.3,261
4.373,-22.1,262
4.390,-26.7,263
4.407,-31.0,264
4.423,-35.0,265
4.440,-38.3,266
4.457,-41.2,267
4.473,-43.4,268
4.490,-45.1,269
4.507,-45.9,270
4.523,-46.3,271
4.540,-45.9,272
4.557,-44.9,273
4.574,-43.1,274
4.590,-40.8,275
4.607,-37.8,276
4.624,-34.4,277
4.640,-30.2,278
4.657,-25.9,279
4.674,-21.0,280
4.690,-16.1,281
4.707,-10.9,282
4.724,-5.4,283
4.740,-0.1,284
4.757,5.4,285
4.774,10.6,286
4.791,15.7,287
4.807,20.7,288
4.824,25.4,289
4.841,29.7,290
4.857,33.7,291
4.874,37.0,292
4.891,39.8,293
4.907,43.9,294
4.924,45.5,295
4.941,46.5,296
4.957,46.8,297
4.974,46.4,298
4.991,45.7,299
5.008,44.0,300
5.024,42.0,301
5.041,39.2,302
5.058,36.1,303
5.074,32.2,304
5.091,27.7,305
5.108,22.9,306
5.124,17.6,307
5.141,11.9,308
5.158,6.3,309
5.174,0.7,310
5.191,-4.7,311
5.208,-10.1,312
5.225,-15.2,313
5.241,-20.1,314
5.258,-24.6,315
5.275,-29.0,316
5.291,-32.8,317
5.308,-36.3,318
5.325,-39.1,319
5.341,-41.6,320
5.358,-43.0,321
5.375,-44.3,322
5.391,-44.5,323
5.408,-44.4,324
5.425,-43.4,325
5.442,-42.1,326
5.458,-39.6,327
5.475,-37.1,328
5.492,-33.6,329
5.508,-30.0,330
5.525,-25.7,331
5.542,-21.3,332
5.558,-16.4,333
5.575,-11.4,334
5.592,-6.2,335
5.608,-1.2,336
5.625,4.2,337
5.642,9.3,338
5.659,14.5,339
5.675,19.3,340
5.692,23.8,341
5.709,28.0,342
5.725,31.9,343
5.742,35.1,344
5.759,37.7,345
5.775,40.0,346
5.792,41.6,347
5.809,42.6,348
5.825,43.0,349
5.842,42.7,350
5.859,41.7,351
5.875,40.3,352
5.892,38.3,353
5.909,35.6,354
5.926,32.5,355
5.942,28.9,356
5.959,24.8,357
5.976,20.4,358
5.992,15.7,359
6.009,10.7,360
6.026,5.7,361
6.042,0.5,362
6.059,-4.7,363
6.076,-9.9,364
6.092,-14.8,365
6.109,-19.5,366
6.126,-23.8,367
6.143,-28.0,368
6.159,-31.8,369
6.176,-35.1,370
6.193,-37.9,371
6.209,-40.1,372
6.226,-41.7,373
6.243,-42.7,374
6.259,-43.0,375
6.276,-42.8,376
6.293,-41.9,377
6.309,-40.3,378
6.326,-38.2,379
6.343,-35.5,380
6.360,-32.5,381
6.376,-28.9,382
6.393,-24.8,383
6.410,-20.4,384
6.426,-15.7,385
6.443,-10.9,386
6.460,-5.8,387
6.476,-0.8,388
6.493,4.3,389
6.510,9.3,390
6.526,14.2,391
6.543,18.9,392
6.560,23.3,393
6.577,27.2,394
6.593,30.8,395
6.610,33.8,396
6.627,36.4,397
6.643,38.4,398
6.660,39.9,399
6.677,40.9,400
6.693,41.2,401
6.710,40.7,402
6.727,39.9,403
6.743,38.5,404
6.760,36.3,405
6.777,33.7,406
6.794,30.9,407
6.810,27.4,408
6.827,23.1,409
6.844,19.0,410
6.860,14.4,411
6.877,9.7,412
6.894,4.8,413
6.910,-0.2,414
6.927,-5.1,415
6.944,-10.3,416
6.960,-15.1,417
6.977,-19.5,418
6.994,-23.7,419
7.011,-27.6,420
7.027,-31.1,421
7.044,-34.2,422
7.061,-36.8,423
7.077,-38.8,424
7.094,-40.2,425
7.111,-41.0,426
7.127,-41.2,427
7.144,-40.8,428
7.161,-39.8,429
7.177,-38.1,430
7.194,-35.9,431
7.211,-33.4,432
7.228,-30.3,433
7.244,-26.7,434
7.261,-22.7,435
7.278,-18.4,436
7.294,-13.9,437
7.311,-9.1,438
7.328,-4.2,439
7.344,0.7,440
7.361,5.5,441
7.378,10.2,442
7.394,15.0,443
7.411,19.3,444
7.428,23.7,445
7.445,27.3,446
7.461,30.6,447
7.478,34.1,448
7.495,36.8,449
7.511,38.5,450
7.528,39.9,451
7.545,40.6,452
7.561,40.7,453
7.578,40.3,454
7.595,39.1,455
7.611,37.5,456
7.628,35.3,457
7.645,32.5,458
7.662,29.4,459
7.678,26.0,460
7.695,22.0,461
7.712,17.5,462
7.728,12.9,463
7.745,8.1,464
7.762,3.3,465
7.778,-1.6,466
7.795,-6.5,467
7.812,-11.2,468
7.828,-15.7,469
7.845,-20.0,470
7.862,-23.9,471
7.879,-27.5,472
7.895,-30.8,473
7.912,-33.5,474
7.929,-35.8,475
7.945,-37.5,476
7.962,-38.6,477
7.979,-39.2,478
7.995,-39.2,479
8.012,-38.5,480
8.029,-37.5,481
8.045,-35.6,482
8.062,-33.4,483
8.079,-30.7,484
8.095,-27.5,485
8.112,-23.9,486
8.129,-20.1,487
8.146,-15.9,488
8.162,-11.4,489
8.179,-6.8,490
8.196,-2.1,491
8.212,2.6,492
8.229,7.2,493
8.246,11.8,494
8.262,16.1,495
8.279,20.8,496
8.296,24.7,497
8.312,28.0,498
8.329,31.1,499
8.346,33.9,500
8.363,36.4,501
8.379,38.0,502
8.396,39.1,503
8.413,39.5,504
8.429,39.4,505
8.446,38.7,506
8.463,37.6,507
8.479,35.8,508
8.496,33.5,509
8.513,30.7,510
8.529,27.5,511
8.546,23.7,512
8.563,19.5,513
8.580,15.0,514
8.596,10.5,515
8.613,5.7,516
8.630,0.9,517
8.646,-3.7,518
8.663,-8.5,519
8.680,-12.8,520
8.696,-17.1,521
8.713,-21.0,522
8.730,-24.7,523
8.746,-27.9,524
8.763,-30.8,525
8.780,-33.1,526
8.797,-35.0,527
8.813,-36.3,528
8.830,-37.2,529
8.847,-37.3,530
8.863,-37.1,531
8.880,-36.2,532
8.897,-34.9,533
8.913,-33.0,534
8.930,-30.5,535
8.947,-27.8,536
8.963,-24.4,537
8.980,-20.9,538
8.997,-17.1,539
9.014,-12.9,540
9.030,-8.6,541
9.047,-4.1,542
9.064,0.4,543
9.080,4.8,544
9.097,9.2,545
9.114,13.4,546
9.130,17.7,547
9.147,21.9,548
9.164,25.3,549
9.180,28.5,550
9.197,31.2,551
9.214,33.5,552
9.231,35.2,553
9.247,36.5,554
9.264,37.1,555
9.281,37.1,556
9.297,36.7,557
9.314,35.7,558
9.331,34.1,559
9.347,32.0,560
9.364,29.5,561
9.381,26.7,562
9.397,23.3,563
9.414,19.6,564
9.431,15.4,565
9.448,11.1,566
9.464,6.8,567
9.481,2.3,568
9.498,-2.1,569
9.514,-6.5,570
9.531,-10.9,571
9.548,-15.0,572
9.564,-18.8,573
9.581,-22.4,574
9.598,-25.6,575
9.614,-28.6,576
9.631,-31.0,577
9.648,-33.0,578
9.665,-34.4,579
9.681,-35.3,580
9.698,-35.8,581
9.715,-35.7,582
9.731,-35.0,583
9.748,-33.9,584
9.765,-32.1,585
9.781,-30.2,586
9.798,-27.5,587
9.815,-24.5,588
9.831,-21.1,589
9.848,-17.4,590
9.865,-13.5,591
9.882,-9.5,592
9.898,-5.1,593
9.915,-0.9,594
9.932,3.4,595
9.948,7.7,596
9.965,11.7,597
9.982,16.0,598
9.998,19.9,599
10.015,23.5,600
10.032,26.5,601
10.048,29.2,602
10.065,31.5,603
10.082,33.3,604
10.099,34.5,605
10.115,35.2,606
10.132,35.4,607
10.149,35.2,608
10.165,34.3,609
10.182,32.9,610
10.199,31.1,611
10.215,28.8,612
10.232,26.3,613
10.249,23.1,614
10.265,19.5,615
10.282,15.7,616
10.299,11.6,617
10.316,7.5,618
10.332,3.3,619
10.349,-1.0,620
10.366,-5.2,621
10.382,-9.5,622
10.399,-13.3,623
10.416,-17.1,624
10.432,-20.6,625
10.449,-23.8,626
10.466,-26.7,627
10.482,-29.1,628
10.499,-31.0,629
10.516,-32.6,630
10.532,-33.5,631
10.549,-34.0,632
10.566,-34.0,633
10.583,-33.5,634
10.599,-32.5,635
10.616,-30.9,636
10.633,-28.9,637
10.649,-26.6,638
10.666,-23.7,639
10.683,-20.6,640
10.699,-17.0,641
10.716,-13.4,642
10.733,-9.4,643
10.749,-5.4,644
10.766,-1.3,645
10.783,2.9,646
10.800,7.2,647
10.816,11.2,648
10.833,15.4,649
10.850,18.9,650
10.866,22.5,651
10.883,25.6,652
10.900,28.9,653
10.916,31.1,654
10.933,32.8,655
10.950,34.0,656
10.966,35.1,657
10.983,35.1,658
11.000,35.1,659
11.017,34.2,660
11.033,32.9,661
11.050,31.2,662
11.067,29.2,663
11.083,26.3,664
11.100,23.1,665
11.117,19.5,666
11.133,15.9,667
11.150,11.9,668
11.167,7.8,669
11.183,3.6,670
11.200,-0.5,671
11.217,-4.7,672
11.234,-8.6,673
11.250,-12.5,674
11.267,-16.0,675
11.284,-19.4,676
11.300,-22.5,677
11.317,-25.3,678
11.334,-27.6,679
11.350,-29.6,680
11.367,-31.0,681
11.384,-31.9,682
11.400,-32.3,683
11.417,-32.4,684
11.434,-31.8,685
11.451,-30.9,686
11.467,-29.4,687
11.484,-27.6,688
11.501,-25.3,689
11.517,-22.7,690
11.534,-19.6,691
11.551,-16.4,692
11.567,-12.9,693
11.584,-9.1,694
11.601,-5.3,695
11.617,-1.4,696
11.634,2.5,697
11.651,6.4,698
11.668,10.2,699
11.684,13.8,700
11.701,17.3,701
11.718,20.7,702
11.734,23.8,703
11.751,26.1,704
11.768,28.3,705
11.784,29.8,706
11.801,31.0,707
11.818,31.8,708
11.834,32.0,709
11.851,31.8,710
11.868,31.0,711
11.885,29.8,712
11.901,28.2,713
11.918,26.2,714
11.935,23.9,715
11.951,20.7,716
11.968,17.5,717
11.985,14.0,718
12.001,10.4,719
12.018,6.7,720
12.035,2.9,721
12.051,-0.9,722
12.068,-4.8,723
12.085,-8.6,724
12.102,-12.1,725
12.118,-15.6,726
12.135,-18.7,727
12.152,-21.6,728
12.168,-24.1,729
12.185,-26.3,730
12.202,-28.2,731
12.218,-29.5,732
12.235,-30.5,733
12.252,-30.8,734
12.268,-30.8,735
12.285,-30.3,736
12.302,-29.3,737
12.319,-27.9,738
12.335,-26.2,739
12.352,-23.9,740
12.369,-21.3,741
12.385,-18.5,742
12.402,-15.3,743
12.419,-11.9,744
12.435,-8.4,745
12.452,-4.7,746
12.469,-1.0,747
12.485,2.8,748
12.502,6.4,749
12.519,10.1,750
12.536,13.4,751
12.552,16.8,752
12.569,20.0,753
12.586,22.9,754
12.602,25.2,755
12.619,27.0,756
12.636,28.5,757
12.652,29.6,758
12.669,30.1,759
12.686,30.3,760
12.702,30.0,761
12.719,29.4,762
12.736,28.0,763
12.752,26.5,764
12.769,24.6,765
12.786,22.2,766
12.803,19.2,767
12.819,16.1,768
12.836,12.8,769
12.853,9.3,770
12.869,5.7,771
12.886,2.1,772
12.903,-1.6,773
12.919,-5.2,774
12.936,-8.8,775
12.953,-12.1,776
12.969,-15.4,777
12.986,-18.3,778
13.003,-21.0,779
13.020,-23.4,780
13.036,-25.5,781
13.053,-27.0,782
13.070,-28.2,783
13.086,-29.0,784
13.103,-29.4,785
13.120,-29.3,786
13.136,-28.6,787
13.153,-27.6,788
13.170,-26.2,789
13.186,-24.5,790
13.203,-22.3,791
13.220,-19.8,792
13.237,-17.0,793
13.253,-13.9,794
13.270,-10.7,795
13.287,-7.3,796
13.303,-3.7,797
13.320,-0.2,798
13.337,3.3,799
13.353,6.8,800
13.370,10.3,801
13.387,13.6,802
13.403,16.7,803
13.420,19.7,804
13.437,22.4,805
13.454,24.4,806
13.470,26.1,807
13.487,27.4,808
13.504,28.3,809
13.520,28.8,810
13.537,28.9,811
13.554,28.5,812
13.570,27.7,813
13.587,26.5,814
13.604,24.9,815
13.620,22.9,816
13.637,20.5,817
13.654,17.8,818
13.671,14.7,819
13.687,11.6,820
13.704,8.1,821
13.721,4.8,822
13.737,1.2,823
13.754,-2.3,824
13.771,-5.8,825
13.787,-9.1,826
13.804,-12.3,827
13.821,-15.3,828
13.837,-18.1,829
13.854,-20.5,830
13.871,-22.8,831
13.888,-24.6,832
13.904,-25.9,833
13.921,-27.0,834
13.938,-27.6,835
13.954,-27.9,836
13.971,-27.6,837
13.988,-26.9,838
14.004,-25.8,839
14.021,-24.4,840
14.038,-22.6,841
14.054,-20.4,842
14.071,-18.0,843
14.088,-15.3,844
14.105,-12.2,845
14.121,-9.1,846
14.138,-5.9,847
14.155,-2.5,848
14.171,0.9,849
14.188,4.3,850
14.205,7.7,851
14.221,11.1,852
14.238,14.1,853
14.255,17.0,854
14.271,19.6,855
14.288,22.1,856
14.305,23.9,857
14.322,25.3,858
14.338,26.6,859
14.355,27.2,860
14.372,27.6,861
14.388,27.5,862
14.405,27.0,863
14.422,26.1,864
14.438,24.8,865
14.455,23.2,866
14.472,21.1,867
14.488,18.7,868
14.505,16.1,869
14.522,13.0,870
14.539,10.1,871
14.555,6.8,872
14.572,3.5,873
14.589,0.1,874
14.605,-3.2,875
14.622,-6.4,876
14.639,-9.5,877
14.655,-12.5,878
14.672,-15.2,879
14.689,-17.9,880
14.705,-20.1,881
14.722,-22.1,882
14.739,-23.7,883
14.756,-24.9,884
14.772,-25.7,885
14.789,-26.2,886
14.806,-26.2,887
14.822,-25.9,888
14.839,-25.0,889
14.856,-23.9,890
14.872,-22.4,891
14.889,-20.6,892
14.906,-18.4,893
14.922,-16.0,894
14.939,-13.3,895
14.956,-10.4,896
14.972,-7.4,897
14.989,-4.3,898
15.006,-1.0,899
15.023,2.4,900
15.039,5.6,901
15.056,8.8,902
15.073,11.8,903
15.089,14.8,904
15.106,17.5,905
15.123,19.8,906
15.139,21.7,907
15.156,23.5,908
15.173,24.8,909
15.189,26.0,910
15.206,26.5,911
15.223,26.9,912
15.240,26.5,913
15.256,25.9,914
15.273,24.9,915
15.290,23.4,916
15.306,21.8,917
15.323,19.6,918
15.340,17.0,919
15.356,14.4,920
15.373,11.3,921
15.390,8.5,922
15.406,5.2,923
15.423,2.0,924
15.440,-1.2,925
15.457,-4.2,926
15.473,-7.3,927
15.490,-10.3,928
15.507,-13.0,929
15.523,-15.6,930
15.540,-17.8,931
15.557,-19.8,932
15.573,-21.5,933
15.590,-22.9,934
15.607,-23.9,935
15.623,-24.5,936
15.640,-24.8,937
15.657,-24.6,938
15.674,-24.0,939
15.690,-23.1,940
15.707,-21.9,941
15.724,-20.3,942
15.740,-18.5,943
15.757,-16.3,944
15.774,-13.9,945
15.790,-11.3,946
15.807,-8.5,947
15.824,-5.6,948
15.840,-2.5,949
15.857,0.6,950
15.874,3.6,951
15.891,6.7,952
15.907,9.6,953
15.924,12.4,954
15.941,15.0,955
15.957,17.5,956
15.974,19.5,957
15.991,21.2,958
16.007,22.7,959
16.024,23.8,960
16.041,24.6,961
16.057,24.9,962
16.074,24.8,963
16.091,24.3,964
16.108,23.8,965
16.124,22.4,966
16.141,20.9,967
16.158,19.1,968
16.174,17.0,969
16.191,14.6,970
16.208,11.9,971
16.224,9.2,972
16.241,6.3,973
16.258,3.3,974
16.274,0.3,975
16.291,-2.8,976
16.308,-5.7,977
16.325,-8.5,978
16.341,-11.2,979
16.358,-13.7,980
16.375,-16.1,981
16.391,-18.1,982
16.408,-19.7,983
16.425,-21.2,984
16.441,-22.2,985
16.458,-23.1,986
16.475,-23.5,987
16.491,-23.5,988
16.508,-23.1,989
16.525,-22.4,990
16.542,-21.3,991
16.558,-20.0,992
16.575,-18.3,993
16.592,-16.5,994
16.608,-14.1,995
16.625,-11.8,996
16.642,-9.1,997
16.658,-6.4,998
16.675,-3.6,999
16.692,-0.7,1000
16.708,2.2,1001
16.725,4.9,1002
16.742,7.8,1003
16.759,10.6,1004
16.775,13.0,1005
16.792,15.5,1006
16.809,17.6,1007
16.825,19.4,1008
16.842,20.9,1009
16.859,21.9,1010
16.875,22.8,1011
16.892,23.2,1012
16.909,23.3,1013
16.925,23.0,1014
16.942,22.4,1015
16.959,21.3,1016
16.976,20.2,1017
16.992,18.4,1018
17.009,16.5,1019
17.026,14.3,1020
17.042,11.9,1021
17.059,9.3,1022
17.076,6.6,1023
17.092,3.8,1024
17.109,1.0,1025
17.126,-1.8,1026
17.142,-4.6,1027
17.159,-7.3,1028
17.176,-9.8,1029
17.193,-12.3,1030
17.209,-14.5,1031
17.226,-16.4,1032
17.243,-18.2,1033
17.259,-19.6,1034
17.276,-20.7,1035
17.293,-21.6,1036
17.309,-22.0,1037
17.326,-22.3,1038
17.343,-22.0,1039
17.359,-21.5,1040
17.376,-20.6,1041
17.393,-19.4,1042
17.409,-17.9,1043
17.426,-16.2,1044
17.443,-14.2,1045
17.460,-12.0,1046
17.476,-9.6,1047
17.493,-7.1,1048
17.510,-4.4,1049
17.526,-1.7,1050
17.543,1.0,1051
17.560,3.6,1052
17.576,6.3,1053
17.593,8.8,1054
17.610,11.3,1055
17.626,13.5,1056
17.643,15.5,1057
17.660,17.3,1058
17.677,18.8,1059
17.693,20.1,1060
17.710,20.8,1061
17.727,21.3,1062
17.743,21.5,1063
17.760,21.3,1064
17.777,20.8,1065
17.793,20.0,1066
17.810,18.9,1067
17.827,17.5,1068
17.843,15.7,1069
17.860,13.8,1070
17.877,11.6,1071
17.894,9.2,1072
17.910,6.8,1073
17.927,4.2,1074
17.944,1.6,1075
17.960,-1.1,1076
17.977,-3.7,1077
17.994,-6.1,1078
18.010,-8.6,1079
18.027,-10.9,1080
18.044,-13.0,1081
18.060,-14.9,1082
18.077,-16.6,1083
18.094,-18.1,1084
18.111,-19.2,1085
18.127,-20.1,1086
18.144,-20.7,1087
18.161,-20.8,1088
18.177,-20.7,1089
18.194,-20.3,1090
18.211,-19.5,1091
18.227,-18.4,1092
18.244,-17.2,1093
18.261,-15.6,1094
18.277,-13.8,1095
18.294,-11.7,1096
18.311,-9.5,1097
18.328,-7.1,1098
18.344,-4.7,1099
18.361,-2.1,1100
18.378,0.5,1101
18.394,3.1,1102
18.411,5.6,1103
18.428,8.0,1104
18.444,10.4,1105
18.461,12.6,1106
18.478,14.6,1107
18.494,16.2,1108
18.511,17.7,1109
18.528,18.8,1110
18.545,19.7,1111
18.561,20.3,1112
18.578,20.5,1113
18.595,20.4,1114
18.611,20.0,1115
18.628,19.3,1116
18.645,18.3,1117
18.661,17.0,1118
18.678,15.4,1119
18.695,13.7,1120
18.711,11.7,1121
18.728,9.6,1122
18.745,7.2,1123
18.762,4.8,1124
18.778,2.3,1125
18.795,-0.2,1126
18.812,-2.7,1127
18.828,-5.1,1128
18.845,-7.5,1129
18.862,-9.5,1130
18.878,-11.7,1131
18.895,-13.5,1132
18.912,-15.2,1133
18.928,-16.5,1134
18.945,-17.7,1135
18.962,-18.5,1136
18.979,-19.1,1137
18.995,-19.4,1138
19.012,-19.4,1139
19.029,-19.0,1140
19.045,-18.4,1141
19.062,-17.4,1142
19.079,-16.3,1143
19.095,-14.8,1144
19.112,-13.1,1145
19.129,-11.2,1146
19.145,-9.3,1147
19.162,-7.0,1148
19.179,-4.8,1149
19.196,-2.4,1150
19.212,-0.0,1151
19.229,2.4,1152
19.246,4.8,1153
19.262,7.1,1154
19.279,9.4,1155
19.296,11.4,1156
19.312,13.3,1157
19.329,14.9,1158
19.346,16.3,1159
19.362,17.6,1160
19.379,18.3,1161
19.396,18.9,1162
19.413,19.1,1163
19.429,19.2,1164
19.446,18.8,1165
19.463,18.3,1166
19.479,17.3,1167
19.496,16.2,1168
19.513,14.7,1169
19.529,13.1,1170
19.546,11.2,1171
19.563,9.2,1172
19.579,7.0,1173
19.596,4.8,1174
19.613,2.5,1175
19.629,0.3,1176
19.646,-2.2,1177
19.663,-4.4,1178
19.680,-6.7,1179
19.696,-8.7,1180
19.713,-10.7,1181
19.730,-12.4,1182
19.746,-14.1,1183
19.763,-15.3,1184
19.780,-16.5,1185
19.796,-17.2,1186
19.813,-17.9,1187
19.830,-18.1,1188
19.846,-18.2,1189
19.863,-17.8,1190
19.880,-17.4,1191
19.897,-16.4,1192
19.913,-15.5,1193
19.930,-14.1,1194
19.947,-12.6,1195
19.963,-10.8,1196
19.980,-9.0,1197
19.997,-6.8,1198
20.013,-4.9,1199
20.030,-2.5,1200
20.047,-0.4,1201
20.063,2.0,1202
20.080,4.2,1203
20.097,6.4,1204
20.114,8.5,1205
20.130,10.5,1206
20.147,12.2,1207
20.164,13.8,1208
20.180,15.1,1209
20.197,16.2,1210
20.214,17.0,1211
20.230,17.6,1212
20.247,17.9,1213
20.264,17.9,1214
20.280,17.6,1215
20.297,17.0,1216
20.314,16.1,1217
20.331,15.1,1218
20.347,13.7,1219
20.364,12.3,1220
20.381,10.5,1221
20.397,8.7,1222
20.414,6.6,1223
20.431,4.6,1224
20.447,2.4,1225
20.464,0.2,1226
20.481,-2.0,1227
20.497,-4.1,1228
20.514,-6.2,1229
20.531,-8.1,1230
20.548,-9.9,1231
20.564,-11.6,1232
20.581,-13.0,1233
20.598,-14.3,1234
20.614,-15.3,1235
20.631,-16.2,1236
20.648,-16.6,1237
20.664,-17.0,1238
20.681,-16.9,1239
20.698,-16.8,1240
20.714,-16.1,1241
20.731,-15.5,1242
20.748,-14.4,1243
20.765,-13.2,1244
20.781,-11.7,1245
20.798,-10.2,1246
20.815,-8.3,1247
20.831,-6.5,1248
20.848,-4.4,1249
20.865,-2.5,1250
20.881,-0.3,1251
20.898,1.7,1252
20.915,4.0,1253
20.931,5.9,1254
20.948,7.9,1255
20.965,9.7,1256
20.982,11.4,1257
20.998,12.8,1258
21.015,14.1,1259
21.032,15.0,1260
21.048,15.9,1261
21.065,16.4,1262
21.082,16.6,1263
21.098,16.6,1264
21.115,16.5,1265
21.132,15.9,1266
21.148,15.2,1267
21.165,14.1,1268
21.182,13.0,1269
21.199,11.5,1270
21.215,9.9,1271
21.232,8.1,1272
21.249,6.3,1273
21.265,4.4,1274
21.282,2.4,1275
21.299,0.3,1276
21.315,-1.6,1277
21.332,-3.7,1278
21.349,-5.6,1279
21.365,-7.5,1280
21.382,-9.2,1281
21.399,-10.8,1282
21.416,-12.1,1283
21.432,-13.3,1284
21.449,-14.3,1285
21.466,-15.0,1286
21.482,-15.4,1287
21.499,-15.8,1288
21.516,-15.8,1289
21.532,-15.5,1290
21.549,-15.0,1291
21.566,-14.2,1292
21.582,-13.3,1293
21.599,-12.2,1294
21.616,-10.8,1295
21.633,-9.4,1296
21.649,-7.7,1297
21.666,-5.9,1298
21.683,-4.1,1299
21.699,-2.1,1300
21.716,-0.2,1301
21.733,1.7,1302
21.749,3.6,1303
21.766,5.5,1304
21.783,7.3,1305
21.799,9.1,1306
21.816,10.6,1307
21.833,12.0,1308
21.849,13.1,1309
21.866,14.1,1310
21.883,14.7,1311
21.900,15.2,1312
21.916,15.4,1313
21.933,15.4,1314
21.950,15.2,1315
21.966,14.7,1316
21.983,14.0,1317
22.000,13.1,1318
22.016,11.9,1319
22.033,10.6,1320
22.050,9.2,1321
22.066,7.4,1322
22.083,5.7,1323
22.100,3.9,1324
22.117,2.1,1325
22.133,0.2,1326
22.150,-1.7,1327
22.167,-3.6,1328
22.183,-5.3,1329
22.200,-7.0,1330
22.217,-8.5,1331
22.233,-10.0,1332
22.250,-11.2,1333
22.267,-12.4,1334
22.283,-13.2,1335
22.300,-13.9,1336
22.317,-14.3,1337
22.334,-14.6,1338
22.350,-14.5,1339
22.367,-14.3,1340
22.384,-13.8,1341
22.400,-13.2,1342
22.417,-12.2,1343
22.434,-11.2,1344
22.450,-9.8,1345
22.467,-8.4,1346
22.484,-6.9,1347
22.500,-5.3,1348
22.517,-3.6,1349
22.534,-1.8,1350
22.551,0.1,1351
22.567,1.8,1352
22.584,3.7,1353
22.601,5.3,1354
22.617,7.1,1355
22.634,8.5,1356
22.651,10.0,1357
22.667,11.1,1358
22.684,12.2,1359
22.701,13.0,1360
22.717,13.6,1361
22.734,14.0,1362
22.751,14.2,1363
22.768,14.1,1364
22.784,13.9,1365
22.801,13.4,1366
22.818,12.8,1367
22.834,11.7,1368
22.851,10.8,1369
22.868,9.5,1370
22.884,8.1,1371
22.901,6.5,1372
22.918,4.9,1373
22.934,3.3,1374
22.951,1.6,1375
22.968,-0.1,1376
22.985,-1.9,1377
23.001,-3.6,1378
23.018,-5.2,1379
23.035,-6.7,1380
23.051,-8.1,1381
23.068,-9.4,1382
23.085,-10.5,1383
23.101,-11.5,1384
23.118,-12.3,1385
23.135,-12.9,1386
23.151,-13.2,1387
23.168,-13.4,1388
23.185,-13.4,1389
23.202,-13.1,1390
23.218,-12.5,1391
23.235,-11.9,1392
23.252,-11.1,1393
23.268,-10.0,1394
23.285,-8.9,1395
23.302,-7.5,1396
23.318,-6.0,1397
23.335,-4.5,1398
23.352,-3.0,1399
23.368,-1.3,1400
23.385,0.4,1401
23.402,2.1,1402
23.419,3.8,1403
23.435,5.3,1404
23.452,6.7,1405
23.469,8.2,1406
23.485,9.4,1407
23.502,10.6,1408
23.519,11.5,1409
23.535,12.2,1410
23.552,12.6,1411
23.569,13.0,1412
23.585,13.1,1413
23.602,13.1,1414
23.619,12.7,1415
23.636,12.2,1416
23.652,11.6,1417
23.669,10.7,1418
23.686,9.7,1419
23.702,8.6,1420
23.719,7.2,1421
23.736,5.8,1422
23.752,4.3,1423
23.769,2.8,1424
23.786,1.1,1425
23.802,-0.4,1426
23.819,-2.1,1427
23.836,-3.6,1428
23.853,-5.1,1429
23.869,-6.4,1430
23.886,-7.8,1431
23.903,-8.8,1432
23.919,-9.9,1433
23.936,-10.7,1434
23.953,-11.5,1435
23.969,-11.9,1436
23.986,-12.2,1437
24.003,-12.2,1438
24.019,-12.2,1439
24.036,-11.9,1440
24.053,-11.5,1441
24.070,-10.7,1442
24.086,-10.0,1443
24.103,-8.9,1444
24.120,-7.8,1445
24.136,-6.5,1446
24.153,-5.3,1447
24.170,-3.8,1448
24.186,-2.4,1449
24.203,-0.8,1450
24.220,0.7,1451
24.236,2.3,1452
24.253,3.7,1453
24.270,5.2,1454
24.286,6.5,1455
24.303,7.7,1456
24.320,8.9,1457
24.337,9.8,1458
24.353,10.6,1459
24.370,11.3,1460
24.387,11.7,1461
24.403,12.0,1462
24.420,12.0,1463
24.437,12.0,1464
24.453,11.7,1465
24.470,11.1,1466
24.487,10.5,1467
24.503,9.6,1468
24.520,8.7,1469
24.537,7.6,1470
24.554,6.4,1471
24.570,5.0,1472
24.587,3.5,1473
24.604,2.1,1474
24.620,0.7,1475
24.637,-0.8,1476
24.654,-2.2,1477
24.670,-3.6,1478
24.687,-4.9,1479
24.704,-6.2,1480
24.720,-7.3,1481
24.737,-8.4,1482
24.754,-9.2,1483
24.771,-10.0,1484
24.787,-10.6,1485
24.804,-10.9,1486
24.821,-11.2,1487
24.837,-11.2,1488
24.854,-11.0,1489
24.871,-10.7,1490
24.887,-10.2,1491
24.904,-9.6,1492
24.921,-8.7,1493
24.937,-7.8,1494
24.954,-6.8,1495
24.971,-5.7,1496
24.988,-4.4,1497
25.004,-3.0,1498
25.021,-1.7,1499
25.038,-0.3,1500
25.054,1.1,1501
25.071,2.5,1502
25.088,3.9,1503
25.104,5.1,1504
25.121,6.3,1505
25.138,7.4,1506
25.154,8.4,1507
25.171,9.2,1508
25.188,9.8,1509
25.205,10.3,1510
25.221,10.7,1511
25.238,10.9,1512
25.255,10.8,1513
25.271,10.7,1514
25.288,10.4,1515
25.305,9.8,1516
25.321,9.1,1517
25.338,8.3,1518
25.355,7.4,1519
25.371,6.3,1520
25.388,5.2,1521
25.405,4.0,1522
25.422,2.6,1523
25.438,1.3,1524
25.455,0.0,1525
25.472,-1.3,1526
25.488,-2.6,1527
25.505,-3.9,1528
25.522,-5.1,1529
25.538,-6.1,1530
25.555,-7.1,1531
25.572,-8.0,1532
25.588,-8.8,1533
25.605,-9.3,1534
25.622,-9.8,1535
25.639,-10.1,1536
25.655,-10.2,1537
25.672,-10.2,1538
25.689,-10.0,1539
25.705,-9.6,1540
25.722,-9.1,1541
25.739,-8.5,1542
25.755,-7.7,1543
25.772,-6.8,1544
25.789,-5.9,1545
25.805,-4.7,1546
25.822,-3.6,1547
25.839,-2.3,1548
25.856,-1.1,1549
25.872,0.2,1550
25.889,1.5,1551
25.906,2.7,1552
25.922,3.8,1553
25.939,5.0,1554
25.956,6.0,1555
25.972,6.9,1556
25.989,7.7,1557
26.006,8.5,1558
26.022,9.0,1559
26.039,9.4,1560
26.056,9.7,1561
26.073,9.7,1562
26.089,9.7,1563
26.106,9.4,1564
26.123,9.0,1565
26.139,8.5,1566
26.156,7.8,1567
26.173,7.0,1568
26.189,6.2,1569
26.206,5.1,1570
26.223,4.1,1571
26.239,2.9,1572
26.256,1.8,1573
26.273,0.6,1574
26.290,-0.6,1575
26.306,-1.7,1576
26.323,-2.9,1577
26.340,-4.0,1578
26.356,-5.0,1579
26.373,-6.0,1580
26.390,-6.8,1581
26.406,-7.6,1582
26.423,-8.2,1583
26.440,-8.7,1584
26.456,-9.0,1585
26.473,-9.2,1586
26.490,-9.2,1587
26.506,-9.2,1588
26.523,-8.9,1589
26.540,-8.5,1590
26.557,-8.0,1591
26.573,-7.3,1592
26.590,-6.6,1593
26.607,-5.7,1594
26.623,-4.7,1595
26.640,-3.8,1596
26.657,-2.7,1597
26.673,-1.5,1598
26.690,-0.4,1599
26.707,0.7,1600
26.723,1.8,1601
26.740,2.9,1602
26.757,4.0,1603
26.774,4.9,1604
26.790,5.8,1605
26.807,6.5,1606
26.824,7.4,1607
26.840,7.8,1608
26.857,8.3,1609
26.874,8.5,1610
26.890,8.6,1611
26.907,8.7,1612
26.924,8.6,1613
26.940,8.3,1614
26.957,7.9,1615
26.974,7.3,1616
26.991,6.7,1617
27.007,5.9,1618
27.024,5.0,1619
27.041,4.0,1620
27.057,3.1,1621
27.074,2.0,1622
27.091,1.0,1623
27.107,-0.2,1624
27.124,-1.1,1625
27.141,-2.2,1626
27.157,-3.2,1627
27.174,-4.2,1628
27.191,-5.1,1629
27.208,-5.9,1630
27.224,-6.5,1631
27.241,-7.2,1632
27.258,-7.6,1633
27.274,-8.0,1634
27.291,-8.2,1635
27.308,-8.3,1636
27.324,-8.3,1637
27.341,-8.1,1638
27.358,-7.8,1639
27.374,-7.4,1640
27.391,-6.8,1641
27.408,-6.3,1642
27.425,-5.5,1643
27.441,-4.6,1644
27.458,-3.7,1645
27.475,-2.9,1646
27.491,-1.8,1647
27.508,-0.9,1648
27.525,0.1,1649
27.541,1.1,1650
27.558,2.2,1651
27.575,3.1,1652
27.591,4.0,1653
27.608,4.8,1654
27.625,5.5,1655
27.642,6.2,1656
27.658,6.8,1657
27.675,7.2,1658
27.692,7.5,1659
27.708,7.6,1660
27.725,7.6,1661
27.742,7.6,1662
27.758,7.4,1663
27.775,7.1,1664
27.792,6.6,1665
27.808,6.1,1666
27.825,5.4,1667
27.842,4.7,1668
27.859,4.0,1669
27.875,3.1,1670
27.892,2.2,1671
27.909,1.3,1672
27.925,0.4,1673
27.942,-0.6,1674
27.959,-1.4,1675
27.975,-2.4,1676
27.992,-3.3,1677
28.009,-4.2,1678
28.025,-4.8,1679
28.042,-5.5,1680
28.059,-6.1,1681
28.076,-6.6,1682
28.092,-7.0,1683
28.109,-7.2,1684
28.126,-7.2,1685
28.142,-7.3,1686
28.159,-7.2,1687
28.176,-7.0,1688
28.192,-6.6,1689
28.209,-6.1,1690
28.226,-5.6,1691
28.242,-5.0,1692
28.259,-4.3,1693
28.276,-3.6,1694
28.293,-2.7,1695
28.309,-1.9,1696
28.326,-1.0,1697
28.343,-0.0,1698
28.359,0.9,1699
28.376,1.7,1700
28.393,2.6,1701
28.409,3.3,1702
28.426,4.1,1703
28.443,4.7,1704
28.459,5.4,1705
28.476,5.9,1706
28.493,6.3,1707
28.510,6.6,1708
28.526,6.8,1709
28.543,6.8,1710
28.560,6.8,1711
28.576,6.7,1712
28.593,6.4,1713
28.610,5.9,1714
28.626,5.5,1715
28.643,5.0,1716
28.660,4.4,1717
28.676,3.7,1718
28.693,3.0,1719
28.710,2.1,1720
28.727,1.4,1721
28.743,0.5,1722
28.760,-0.3,1723
28.777,-1.2,1724
28.793,-2.0,1725
28.810,-2.7,1726
28.827,-3.4,1727
28.843,-4.1,1728
28.860,-4.6,1729
28.877,-5.1,1730
28.893,-5.6,1731
28.910,-6.0,1732
28.927,-6.2,1733
28.943,-6.3,1734
28.960,-6.4,1735
28.977,-6.3,1736
28.994,-6.1,1737
29.010,-5.9,1738
29.027,-5.5,1739
29.044,-5.1,1740
29.060,-4.5,1741
29.077,-4.0,1742
29.094,-3.4,1743
29.110,-2.6,1744
29.127,-1.8,1745
29.144,-1.1,1746
29.160,-0.3,1747
29.177,0.6,1748
29.194,1.3,1749
29.211,2.1,1750
29.227,2.7,1751
29.244,3.5,1752
29.261,4.0,1753
29.277,4.5,1754
29.294,5.0,1755
29.311,5.4,1756
29.327,5.6,1757
29.344,5.8,1758
29.361,5.9,1759
29.377,5.9,1760
29.394,5.8,1761
29.411,5.6,1762
29.428,5.3,1763
29.444,4.8,1764
29.461,4.3,1765
29.478,3.8,1766
29.494,3.2,1767
29.511,2.6,1768
29.528,1.8,1769
29.544,1.3,1770
29.561,0.5,1771
29.578,-0.3,1772
29.594,-1.0,1773
29.611,-1.7,1774
29.628,-2.4,1775
29.645,-2.9,1776
29.661,-3.6,1777
29.678,-4.0,1778
29.695,-4.5,1779
29.711,-4.9,1780
29.728,-5.3,1781
29.745,-5.4,1782
29.761,-5.6,1783
29.778,-5.6,1784
29.795,-5.6,1785
29.811,-5.5,1786
29.828,-5.3,1787
29.845,-4.9,1788
29.862,-4.5,1789
29.878,-4.1,1790
29.895,-3.5,1791
29.912,-3.0,1792
29.928,-2.3,1793
29.945,-1.6,1794
29.962,-1.1,1795
29.978,-0.3,1796
29.995,0.3,1797
30.012,1.0,1798
30.028,1.6,1799
30.045,2.2,1800
30.062,2.7,1801
30.079,3.3,1802
30.095,3.7,1803
30.112,4.1,1804
30.129,4.5,1805
30.145,4.8,1806
30.162,4.8,1807
30.179,4.8,1808
30.195,4.9,1809
30.212,4.8,1810
30.229,4.6,1811
30.245,4.5,1812
30.262,4.0,1813
30.279,3.7,1814
30.296,3.2,1815
30.312,2.7,1816
30.329,2.2,1817
30.346,1.6,1818
30.362,1.0,1819
30.379,0.4,1820
30.396,-0.2,1821
30.412,-0.8,1822
30.429,-1.5,1823
30.446,-2.0,1824
30.462,-2.5,1825
30.479,-3.0,1826
30.496,-3.5,1827
30.513,-3.9,1828
30.529,-4.2,1829
30.546,-4.4,1830
30.563,-4.6,1831
30.579,-4.7,1832
30.596,-4.8,1833
30.613,-4.7,1834
30.629,-4.6,1835
30.646,-4.4,1836
30.663,-4.1,1837
30.679,-3.7,1838
30.696,-3.4,1839
30.713,-2.9,1840
30.730,-2.4,1841
30.746,-1.9,1842
30.763,-1.4,1843
30.780,-0.8,1844
30.796,-0.2,1845
30.813,0.4,1846
30.830,1.0,1847
30.846,1.5,1848
30.863,1.9,1849
30.880,2.4,1850
30.896,2.8,1851
30.913,3.3,1852
30.930,3.5,1853
30.947,3.8,1854
30.963,3.9,1855
30.980,4.1,1856
30.997,4.1,1857
31.013,4.2,1858
31.030,4.1,1859
31.047,3.9,1860
31.063,3.7,1861
31.080,3.4,1862
31.097,3.0,1863
31.113,2.6,1864
31.130,2.2,1865
31.147,1.8,1866
31.163,1.3,1867
31.180,0.8,1868
31.197,0.3,1869
31.214,-0.4,1870
31.230,-0.8,1871
31.247,-1.4,1872
31.264,-1.7,1873
31.280,-2.2,1874
31.297,-2.6,1875
31.314,-3.0,1876
31.330,-3.3,1877
31.347,-3.6,1878
31.364,-3.7,1879
31.380,-3.9,1880
31.397,-3.8,1881
31.414,-3.9,1882
31.431,-3.8,1883
31.447,-3.7,1884
31.464,-3.5,1885
31.481,-3.3,1886
31.497,-3.0,1887
31.514,-2.7,1888
31.531,-2.1,1889
31.547,-1.9,1890
31.564,-1.4,1891
31.581,-1.0,1892
31.597,-0.5,1893
31.614,-0.0,1894
31.631,0.5,1895
31.648,0.9,1896
31.664,1.4,1897
31.681,1.8,1898
31.698,2.3,1899
31.714,2.5,1900
31.731,2.8,1901
31.748,3.0,1902
31.764,3.2,1903
31.781,3.3,1904
31.798,3.3,1905
31.814,3.4,1906
31.831,3.3,1907
31.848,3.2,1908
31.865,3.2,1909
31.881,2.9,1910
31.898,2.7,1911
31.915,2.3,1912
31.931,1.9,1913
31.948,1.5,1914
31.965,1.2,1915
31.981,0.7,1916
31.998,0.3,1917
32.015,-0.2,1918
32.031,-0.6,1919
32.048,-1.0,1920
32.065,-1.4,1921
32.082,-1.8,1922
32.098,-2.0,1923
32.115,-2.4,1924
32.132,-2.6,1925
32.148,-2.9,1926
32.165,-3.0,1927
32.182,-3.2,1928
32.198,-3.2,1929
32.215,-3.3,1930
32.232,-3.3,1931
32.248,-3.2,1932
32.265,-3.0,1933
32.282,-3.0,1934
32.299,-2.6,1935
32.315,-2.4,1936
32.332,-2.1,1937
32.349,-1.7,1938
32.365,-1.4,1939
32.382,-1.0,1940
32.399,-0.6,1941
32.415,-0.2,1942
32.432,0.2,1943
32.449,0.5,1944
32.465,0.9,1945
32.482,1.2,1946
32.499,1.5,1947
32.516,1.8,1948
32.532,2.1,1949
32.549,2.3,1950
32.566,2.5,1951
32.582,2.5,1952
32.599,2.6,1953
32.616,2.6,1954
32.632,2.6,1955
32.649,2.6,1956
32.666,2.5,1957
32.682,2.3,1958
32.699,2.1,1959
32.716,1.8,1960
32.733,1.6,1961
32.749,1.3,1962
32.766,1.0,1963
32.783,0.6,1964
32.799,0.3,1965
32.816,-0.1,1966
32.833,-0.4,1967
32.849,-0.7,1968
32.866,-1.1,1969
32.883,-1.4,1970
32.899,-1.6,1971
32.916,-1.8,1972
32.933,-2.1,1973
32.950,-2.3,1974
32.966,-2.4,1975
32.983,-2.6,1976
33.000,-2.6,1977
33.016,-2.7,1978
33.033,-2.6,1979
33.050,-2.6,1980
33.066,-2.5,1981
33.083,-2.3,1982
33.100,-2.1,1983
33.116,-1.9,1984
33.133,-1.6,1985
33.150,-1.5,1986
33.167,-1.1,1987
33.183,-0.9,1988
33.200,-0.6,1989
33.217,-0.3,1990
33.233,0.0,1991
33.250,0.3,1992
33.267,0.6,1993
33.283,0.8,1994
33.300,1.1,1995
33.317,1.3,1996
33.333,1.6,1997
33.350,1.7,1998
33.367,1.8,1999
33.383,1.9,2000
33.400,1.9,2001
33.417,2.0,2002
33.434,1.9,2003
33.450,1.8,2004
33.467,1.8,2005
33.484,1.7,2006
33.500,1.5,2007
33.517,1.3,2008
33.534,1.0,2009
33.550,0.9,2010
33.567,0.6,2011
33.584,0.3,2012
33.600,0.1,2013
33.617,-0.1,2014
33.634,-0.4,2015
33.651,-0.6,2016
33.667,-0.8,2017
33.684,-1.1,2018
33.701,-1.2,2019
33.717,-1.5,2020
33.734,-1.6,2021
33.751,-1.8,2022
33.767,-1.9,2023
33.784,-2.0,2024
33.801,-2.0,2025
33.817,-2.0,2026
33.834,-1.9,2027
33.851,-1.9,2028
33.868,-1.8,2029
33.884,-1.7,2030
33.901,-1.6,2031
33.918,-1.4,2032
33.934,-1.2,2033
33.951,-1.0,2034
33.968,-0.8,2035
33.984,-0.5,2036
34.001,-0.3,2037
34.018,-0.1,2038
34.034,0.1,2039
34.051,0.3,2040
34.068,0.6,2041
34.085,0.7,2042
34.101,0.9,2043
34.118,1.1,2044
34.135,1.1,2045
34.151,1.3,2046
34.168,1.4,2047
34.185,1.4,2048
34.201,1.5,2049
34.218,1.4,2050
34.235,1.4,2051
34.251,1.4,2052
34.268,1.3,2053
34.285,1.2,2054
34.302,1.0,2055
34.318,0.9,2056
34.335,0.7,2057
34.352,0.5,2058
34.368,0.3,2059
34.385,0.1,2060
34.402,-0.2,2061
34.418,-0.3,2062
34.435,-0.5,2063
34.452,-0.6,2064
34.468,-0.9,2065
34.485,-1.0,2066
34.502,-1.2,2067
34.519,-1.3,2068
34.535,-1.4,2069
34.552,-1.4,2070
34.569,-1.5,2071
34.585,-1.5,2072
34.602,-1.5,2073
34.619,-1.5,2074
34.635,-1.5,2075
34.652,-1.4,2076
34.669,-1.3,2077
34.685,-1.1,2078
34.702,-1.1,2079
34.719,-0.9,2080
34.736,-0.9,2081
34.752,-0.6,2082
34.769,-0.5,2083
34.786,-0.3,2084
34.802,-0.1,2085
34.819,0.1,2086
34.836,0.2,2087
34.852,0.5,2088
34.869,0.5,2089
34.886,0.7,2090
34.902,0.7,2091
34.919,0.8,2092
34.936,0.9,2093
34.953,1.0,2094
34.969,1.0,2095
34.986,1.0,2096
35.003,0.9,2097
35.019,0.9,2098
35.036,0.8,2099
35.053,0.8,2100
35.069,0.7,2101
35.086,0.6,2102
35.103,0.5,2103
35.119,0.4,2104
35.136,0.1,2105
35.153,0.1,2106
35.170,-0.1,2107
35.186,-0.1,2108
35.203,-0.4,2109
35.220,-0.5,2110
35.236,-0.6,2111
35.253,-0.7,2112
35.270,-0.8,2113
35.286,-0.9,2114
35.303,-1.0,2115
35.320,-1.0,2116
35.336,-1.1,2117
35.353,-1.1,2118
35.370,-1.0,2119
35.387,-1.0,2120
35.403,-1.0,2121
35.420,-0.9,2122
35.437,-0.9,2123
35.453,-0.9,2124
35.470,-0.8,2125
35.487,-0.6,2126
35.503,-0.5,2127
35.520,-0.4,2128
35.537,-0.3,2129
35.553,-0.1,2130
35.570,-0.0,2131
35.587,0.1,2132
35.604,0.2,2133
35.620,0.4,2134
35.637,0.4,2135
35.654,0.5,2136
35.670,0.5,2137
35.687,0.6,2138
35.704,0.7,2139
35.720,0.7,2140
35.737,0.7,2141
35.754,0.7,2142
35.770,0.7,2143
35.787,0.7,2144
35.804,0.6,2145
35.820,0.5,2146
35.837,0.5,2147
35.854,0.3,2148
35.871,0.3,2149
35.887,0.1,2150
35.904,0.0,2151
35.921,-0.1,2152
35.937,-0.2,2153
35.954,-0.3,2154
35.971,-0.3,2155
35.987,-0.5,2156
36.004,-0.5,2157
36.021,-0.6,2158
36.037,-0.7,2159
36.054,-0.8,2160
36.071,-0.8,2161
36.088,-0.8,2162
36.104,-0.8,2163
36.121,-0.8,2164
36.138,-0.8,2165
36.154,-0.8,2166
36.171,-0.7,2167
36.188,-0.7,2168
36.204,-0.6,2169
36.221,-0.6,2170
36.238,-0.5,2171
36.254,-0.5,2172
36.271,-0.3,2173
36.288,-0.3,2174
36.305,-0.2,2175
36.321,-0.1,2176
36.338,0.0,2177
36.355,0.0,2178
36.371,0.1,2179
36.388,0.2,2180
36.405,0.3,2181
36.421,0.3,2182
36.438,0.5,2183
36.455,0.4,2184
36.471,0.5,2185
36.488,0.5,2186
36.505,0.5,2187
36.522,0.4,2188
36.538,0.4,2189
36.555,0.3,2190
36.572,0.3,2191
36.588,0.3,2192
36.605,0.2,2193
36.622,0.1,2194
36.638,0.0,2195
36.655,-0.1,2196
36.672,-0.1,2197
36.688,-0.2,2198
36.705,-0.3,2199
36.722,-0.3,2200
36.739,-0.4,2201
36.755,-0.4,2202
36.772,-0.5,2203
36.789,-0.5,2204
36.805,-0.6,2205
36.822,-0.6,2206
36.839,-0.5,2207
36.855,-0.5,2208
36.872,-0.5,2209
36.889,-0.5,2210
36.905,-0.5,2211
36.922,-0.5,2212
36.939,-0.5,2213
36.956,-0.4,2214
36.972,-0.3,2215
36.989,-0.2,2216
37.006,-0.2,2217
37.022,-0.1,2218
37.039,-0.0,2219
37.056,0.1,2220
37.072,0.1,2221
37.089,0.2,2222
37.106,0.2,2223
37.122,0.3,2224
37.139,0.3,2225
37.156,0.3,2226
37.173,0.3,2227
37.189,0.3,2228
37.206,0.3,2229
37.223,0.4,2230
37.239,0.3,2231
37.256,0.3,2232
37.273,0.2,2233
37.289,0.2,2234
37.306,0.2,2235
37.323,0.1,2236
37.339,0.1,2237
37.356,0.1,2238
37.373,-0.1,2239
37.390,-0.1,2240
37.406,-0.2,2241
37.423,-0.3,2242
37.440,-0.3,2243
37.456,-0.4,2244
37.473,-0.5,2245
37.490,-0.5,2246
37.506,-0.6,2247
37.523,-0.6,2248
37.540,-0.6,2249
37.556,-0.6,2250
37.573,-0.5,2251
37.590,-0.5,2252
37.607,-0.5,2253
37.623,-0.5,2254
37.640,-0.5,2255
37.657,-0.4,2256
37.673,-0.4,2257
37.690,-0.4,2258
37.707,-0.2,2259
37.723,-0.2,2260
37.740,-0.1,2261
37.757,-0.1,2262
37.773,0.0,2263
37.790,0.0,2264
37.807,0.1,2265
37.824,0.1,2266
37.840,0.2,2267
37.857,0.2,2268
37.874,0.3,2269
37.890,0.2,2270
37.907,0.3,2271
37.924,0.2,2272
37.940,0.2,2273
37.957,0.2,2274
37.974,0.2,2275
37.990,0.2,2276
38.007,0.2,2277
38.024,0.1,2278
38.040,0.1,2279
38.057,-0.0,2280
38.074,-0.0,2281
38.091,-0.1,2282
38.107,-0.2,2283
38.124,-0.2,2284
38.141,-0.3,2285
38.157,-0.3,2286
38.174,-0.3,2287
38.191,-0.4,2288
38.207,-0.4,2289
38.224,-0.5,2290
38.241,-0.5,2291
38.257,-0.5,2292
38.274,-0.5,2293
38.291,-0.5,2294
38.308,-0.5,2295
38.324,-0.5,2296
38.341,-0.5,2297
38.358,-0.5,2298
38.374,-0.4,2299
38.391,-0.4,2300
38.408,-0.4,2301
38.424,-0.4,2302
38.441,-0.2,2303
38.458,-0.2,2304
38.474,-0.1,2305
38.491,-0.1,2306
38.508,-0.0,2307
38.525,-0.0,2308
38.541,0.0,2309
38.558,0.0,2310
38.575,0.1,2311
38.591,0.0,2312
38.608,0.0,2313
38.625,0.0,2314
38.641,0.0,2315
38.658,0.0,2316
38.675,-0.0,2317
38.691,0.0,2318
38.708,-0.0,2319
38.725,-0.0,2320
38.742,-0.1,2321
38.758,-0.1,2322
38.775,-0.1,2323
38.792,-0.2,2324
38.808,-0.3,2325
38.825,-0.3,2326
38.842,-0.4,2327
38.858,-0.4,2328
38.875,-0.4,2329
38.892,-0.4,2330
38.908,-0.4,2331
38.925,-0.4,2332
38.942,-0.5,2333
38.959,-0.5,2334
38.975,-0.5,2335
38.992,-0.5,2336
39.009,-0.5,2337
39.025,-0.5,2338
39.042,-0.5,2339
39.059,-0.5,2340
39.075,-0.4,2341
39.092,-0.4,2342
39.109,-0.4,2343
39.125,-0.3,2344
39.142,-0.3,2345
39.159,-0.2,2346
39.176,-0.2,2347
39.192,-0.1,2348
39.209,-0.0,2349
39.226,-0.0,2350
39.242,0.0,2351
39.259,0.0,2352
39.276,0.0,2353
39.292,0.0,2354
39.309,0.0,2355
39.326,0.0,2356
39.342,0.0,2357
39.359,0.0,2358
39.376,0.0,2359
39.393,0.0,2360
39.409,-0.0,2361
39.426,-0.0,2362
39.443,-0.1,2363
39.459,-0.1,2364
39.476,-0.1,2365
39.493,-0.2,2366
39.509,-0.2,2367
39.526,-0.3,2368
39.543,-0.3,2369
39.559,-0.3,2370
39.576,-0.3,2371
39.593,-0.3,2372
39.610,-0.3,2373
39.626,-0.3,2374
39.643,-0.3,2375
39.660,-0.3,2376
39.676,-0.3,2377
39.693,-0.3,2378
39.710,-0.3,2379
39.726,-0.3,2380
39.743,-0.3,2381
39.760,-0.3,2382
39.776,-0.3,2383
39.793,-0.3,2384
39.810,-0.2,2385
39.827,-0.2,2386
39.843,-0.2,2387
39.860,-0.2,2388
39.877,-0.2,2389
39.893,-0.1,2390
39.910,-0.0,2391
39.927,0.1,2392
39.943,0.0,2393
39.960,0.1,2394
39.977,0.0,2395
39.993,0.0,2396
40.010,0.0,2397
40.027,0.0,2398
40.044,0.0,2399
40.060,0.0,2400
40.077,0.0,2401
40.094,-0.0,2402
40.110,-0.0,2403
40.127,-0.1,2404
40.144,-0.0,2405
40.160,-0.1,2406
40.177,-0.1,2407
40.194,-0.1,2408
40.210,-0.1,2409
40.227,-0.1,2410
40.244,-0.1,2411
40.260,-0.2,2412
40.277,-0.3,2413
40.294,-0.3,2414
40.311,-0.3,2415
40.327,-0.3,2416
40.344,-0.3,2417
40.361,-0.4,2418
40.377,-0.4,2419
40.394,-0.3,2420
40.411,-0.3,2421
40.427,-0.3,2422
40.444,-0.3,2423
40.461,-0.3,2424
40.477,-0.3,2425
40.494,-0.2,2426
40.511,-0.2,2427
40.528,-0.2,2428
40.544,-0.2,2429
40.561,-0.2,2430
40.578,-0.2,2431
40.594,-0.1,2432
40.611,-0.1,2433
40.628,-0.0,2434
40.644,-0.0,2435
40.661,0.0,2436
40.678,0.0,2437
40.694,0.0,2438
40.711,0.0,2439
40.728,0.0,2440
40.745,0.0,2441
40.761,0.0,2442
40.778,-0.0,2443
40.795,0.0,2444
40.811,-0.0,2445
40.828,-0.0,2446
40.845,-0.1,2447
40.861,-0.0,2448
40.878,-0.1,2449
40.895,-0.1,2450
40.911,-0.1,2451
40.928,-0.1,2452
40.945,-0.2,2453
40.962,-0.2,2454
40.978,-0.3,2455
40.995,-0.3,2456
41.012,-0.3,2457
41.028,-0.3,2458
41.045,-0.3,2459
41.062,-0.3,2460
41.078,-0.3,2461
41.095,-0.3,2462
41.112,-0.3,2463
41.128,-0.3,2464
41.145,-0.3,2465
41.162,-0.3,2466
41.179,-0.3,2467
41.195,-0.3,2468
41.212,-0.3,2469
41.229,-0.2,2470
41.245,-0.2,2471
41.262,-0.2,2472
41.279,-0.2,2473
41.295,-0.2,2474
41.312,-0.1,2475
41.329,-0.1,2476
41.345,-0.0,2477
41.362,0.0,2478
41.379,0.0,2479
41.396,0.0,2480
41.412,0.0,2481
41.429,0.0,2482
41.446,0.0,2483
41.462,-0.0,2484
41.479,-0.0,2485
41.496,-0.0,2486
41.512,-0.0,2487
41.529,-0.1,2488
41.546,-0.1,2489
41.562,-0.1,2490
41.579,-0.1,2491
41.596,-0.1,2492
41.613,-0.1,2493
41.629,-0.2,2494
41.646,-0.2,2495
41.663,-0.2,2496
41.679,-0.3,2497
41.696,-0.3,2498
41.713,-0.3,2499
41.729,-0.3,2500
41.746,-0.3,2501
41.763,-0.3,2502
41.779,-0.3,2503
41.796,-0.3,2504
41.813,-0.3,2505
41.830,-0.3,2506
41.846,-0.3,2507
41.863,-0.3,2508
41.880,-0.3,2509
41.896,-0.3,2510
41.913,-0.2,2511
41.930,-0.2,2512
41.946,-0.2,2513
41.963,-0.2,2514
41.980,-0.2,2515
41.996,-0.2,2516
42.013,-0.2,2517
42.030,-0.2,2518
42.047,-0.2,2519
42.063,-0.2,2520
42.080,-0.1,2521
42.097,-0.1,2522
42.113,-0.1,2523
42.130,-0.1,2524
42.147,-0.0,2525
